instance_name,dataset,seed,solver_name,alpha,beta,energy,raw_energy,time,mode,use_local_search,local_search_iterations,eigsh_iterations,warm_start,alpha_index,precision,lambda1,degree_scale,energy_bound,timestamp
G6.txt,Gset,42,SpecAnn,0.0,1.0,-4121.999999999999,-3655.999999999999,0.0251872539520263,0,True,46,65,True,0,32,0.7922236919403076,800.0,-21231.594944000244,2025-11-24 05:22:44
G6.txt,Gset,42,SpecAnn,0.0887356509416113,1.0,-4087.999999999999,-3646.0,0.0243439674377441,0,True,46,65,True,1,32,0.7865628600120544,776.031494140625,-20448.31797493771,2025-11-24 05:22:44
G6.txt,Gset,42,SpecAnn,0.1254911610276317,1.0,-4094.0,-3640.0,0.0127313137054443,0,True,46,33,True,2,32,0.7841535210609436,766.3468017578125,-20131.273688898083,2025-11-24 05:22:44
G6.txt,Gset,42,SpecAnn,0.1536946558735679,1.0,-4108.0,-3644.0,0.0127584934234619,0,True,46,33,True,3,32,0.7822783589363098,759.009765625,-19890.856614636898,2025-11-24 05:22:44
G6.txt,Gset,42,SpecAnn,0.1774713018832227,1.0,-4106.0,-3646.0,0.0129146575927734,0,True,46,33,True,4,32,0.7806798219680786,752.8873291015625,-19690.092192508502,2025-11-24 05:22:44
G6.txt,Gset,42,SpecAnn,0.1984189475331362,1.0,-4112.0,-3650.0,0.0129320621490478,0,True,46,33,True,5,32,0.7792577743530273,747.5404663085938,-19514.645120484376,2025-11-24 05:22:44
G6.txt,Gset,42,SpecAnn,0.2173570668006655,1.0,-4112.0,-3658.0,0.0129063129425048,0,True,46,33,True,6,32,0.7779609560966492,742.7443237304688,-19357.17382152794,2025-11-24 05:22:44
G6.txt,Gset,42,SpecAnn,0.2347724648169381,1.0,-4114.0,-3644.0,0.0128841400146484,0,True,46,33,True,7,32,0.776759147644043,738.3651123046875,-19213.31715201022,2025-11-24 05:22:44
G6.txt,Gset,42,SpecAnn,0.2509823220552634,1.0,-4066.0,-3638.0,0.0127854347229003,0,True,46,33,True,8,32,0.7756322622299194,734.3157348632812,-19080.22564987159,2025-11-24 05:22:44
G6.txt,Gset,42,SpecAnn,0.2662069528248341,1.0,-4066.0,-3638.0,0.0126307010650634,0,True,46,33,True,9,32,0.7745667099952698,730.535888671875,-18955.934124038504,2025-11-24 05:22:44
G6.txt,Gset,42,SpecAnn,0.2806067666331568,1.0,-4096.0,-3656.0,0.0126979351043701,0,True,46,33,True,10,32,0.7735525369644165,726.9813842773438,-18839.002853477028,2025-11-24 05:22:44
G6.txt,Gset,42,SpecAnn,0.2943028597012718,1.0,-4085.999999999999,-3658.0,0.0127418041229248,0,True,46,33,True,11,32,0.772581934928894,723.619140625,-18728.34503982414,2025-11-24 05:22:44
G6.txt,Gset,42,SpecAnn,0.3073893117471359,1.0,-4085.999999999999,-3658.0,0.0127182006835937,0,True,46,33,True,12,32,0.771649181842804,720.4234008789062,-18623.12328359872,2025-11-24 05:22:44
G6.txt,Gset,42,SpecAnn,0.3199409394316542,1.0,-4085.999999999999,-3658.0,0.0127596855163574,0,True,46,33,True,13,32,0.7707496285438538,717.37353515625,-18522.66542258717,2025-11-24 05:22:44
G6.txt,Gset,42,SpecAnn,0.3320184038158743,1.0,-4109.999999999999,-3670.0,0.0127174854278564,0,True,46,33,True,14,32,0.7698794603347778,714.4529418945312,-18426.42861890193,2025-11-24 05:22:44
G6.txt,Gset,42,SpecAnn,0.3436716983117353,1.0,-4109.999999999999,-3670.0,0.0128395557403564,0,True,46,33,True,15,32,0.7690355181694031,711.6478881835938,-18333.963831854955,2025-11-24 05:22:44
G6.txt,Gset,42,SpecAnn,0.3549426037664455,1.0,-4081.999999999999,-3675.999999999999,0.0128777027130126,0,True,46,33,True,16,32,0.7682152986526489,708.9470825195312,-18244.903823343306,2025-11-24 05:22:44
G6.txt,Gset,42,SpecAnn,0.3658664615902029,1.0,-4087.999999999999,-3668.0,0.0126864910125732,0,True,46,33,True,17,32,0.7674164772033691,706.3406372070312,-18158.9243576186,2025-11-24 05:22:44
G6.txt,Gset,42,SpecAnn,0.3764734830828951,1.0,-4087.999999999999,-3668.0,0.0127468109130859,0,True,46,33,True,18,32,0.7666372656822205,703.8204956054688,-18075.763179449743,2025-11-24 05:22:44
G6.txt,Gset,42,SpecAnn,0.3867897351437838,1.0,-4087.999999999999,-3668.0,0.0126862525939941,0,True,46,33,True,19,32,0.7658759951591492,701.3793334960938,-17995.181433350284,2025-11-24 05:22:44
G6.txt,Gset,42,SpecAnn,0.3968378950662725,1.0,-4086.0,-3658.000000000001,0.0127363204956054,0,True,46,33,True,20,32,0.7651312947273254,699.010986328125,-17916.978563428413,2025-11-24 05:22:44
G6.txt,Gset,42,SpecAnn,0.4066378372811136,1.0,-4099.999999999999,-3664.0,0.0127177238464355,0,True,46,33,True,21,32,0.7644018530845642,696.7100830078125,-17840.977030214726,2025-11-24 05:22:44
G6.txt,Gset,42,SpecAnn,0.4162070956347247,1.0,-4099.999999999999,-3664.0,0.0126824378967285,0,True,46,33,True,22,32,0.76368647813797,694.4717407226562,-17767.015707600833,2025-11-24 05:22:44
G6.txt,Gset,42,SpecAnn,0.4255612320274539,1.0,-4094.0,-3664.0,0.0126612186431884,0,True,46,33,True,23,32,0.7629845142364502,692.2918090820312,-17694.965643687952,2025-11-24 05:22:44
G6.txt,Gset,42,SpecAnn,0.434714133601331,1.0,-4094.000000000001,-3670.0,0.0126214027404785,0,True,46,33,True,24,32,0.7622949481010437,690.1663818359375,-17624.69659846082,2025-11-24 05:22:44
G6.txt,Gset,42,SpecAnn,0.4436782547080569,1.0,-4094.000000000001,-3670.0,0.0127499103546142,0,True,46,33,True,25,32,0.7616168260574341,688.0921020507812,-17556.094513769985,2025-11-24 05:22:44
G6.txt,Gset,42,SpecAnn,0.4524648157026343,1.0,-4094.0,-3646.0,0.012714147567749,0,True,46,33,True,26,32,0.7609496116638184,686.06591796875,-17489.063394112396,2025-11-24 05:22:44
G6.txt,Gset,42,SpecAnn,0.4610839676207039,1.0,-4094.000000000001,-3646.0,0.0127670764923095,0,True,46,33,True,27,32,0.760292649269104,684.0850219726562,-17423.511258310285,2025-11-24 05:22:44
G6.txt,Gset,42,SpecAnn,0.4695449296338763,1.0,-4094.000000000001,-3637.999999999999,0.0127267837524414,0,True,46,33,True,28,32,0.7596454620361328,682.14697265625,-17359.36004937021,2025-11-24 05:22:44
G6.txt,Gset,42,SpecAnn,0.4778561045889373,1.0,-4080.0,-3626.0,0.0127713680267333,0,True,46,33,True,29,32,0.7590073943138123,680.2493896484375,-17296.529610140828,2025-11-24 05:22:44
G6.txt,Gset,42,SpecAnn,0.4860251767562508,1.0,-4080.0,-3626.0,0.0127184391021728,0,True,46,33,True,30,32,0.7583780288696289,678.39013671875,-17234.951852093684,2025-11-24 05:22:44
G6.txt,Gset,42,SpecAnn,0.4940591950252281,1.0,-4072.0,-3618.0,0.0127301216125488,0,True,46,33,True,31,32,0.7577568888664246,676.5674438476562,-17174.566985503363,2025-11-24 05:22:44
G6.txt,Gset,42,SpecAnn,0.5019646441105269,1.0,-4083.999999999999,-3604.0,0.0126664638519287,0,True,46,33,True,32,32,0.7571436166763306,674.7794189453125,-17115.315145586726,2025-11-24 05:22:44
G6.txt,Gset,42,SpecAnn,0.5097475058154177,1.0,-4080.0,-3620.0,0.0127921104431152,0,True,46,33,True,33,32,0.7565377950668335,673.0243530273438,-17057.140062197224,2025-11-24 05:22:44
G6.txt,Gset,42,SpecAnn,0.51741331199832,1.0,-4094.0,-3618.0,0.0130438804626464,0,True,46,33,True,34,32,0.7559391260147095,671.3009643554688,-16999.999253638107,2025-11-24 05:22:44
G6.txt,Gset,42,SpecAnn,0.5249671905758515,1.0,-4094.0,-3618.0,0.0129640102386474,0,True,46,33,True,35,32,0.7553472518920898,669.6077270507812,-16943.842941862793,2025-11-24 05:22:44
G6.txt,Gset,42,SpecAnn,0.5324139056496683,1.0,-4086.0,-3612.0,0.0128741264343261,0,True,46,33,True,36,32,0.7547619342803955,667.9432983398438,-16888.62889079436,2025-11-24 05:22:44
G6.txt,Gset,42,SpecAnn,0.5397578926492556,1.0,-4102.0,-3590.0,0.0128703117370605,0,True,46,33,True,37,32,0.7541828155517578,666.3064575195312,-16834.315485105326,2025-11-24 05:22:44
G6.txt,Gset,42,SpecAnn,0.5470032892270364,1.0,-4099.999999999999,-3604.0,0.0126779079437255,0,True,46,33,True,38,32,0.7536096572875977,664.6963500976562,-16780.873218013294,2025-11-24 05:22:44
G6.txt,Gset,42,SpecAnn,0.554153962516942,1.0,-4099.999999999999,-3604.0,0.0127415657043457,0,True,46,33,True,39,32,0.7530422806739807,663.111572265625,-16728.260199127217,2025-11-24 05:22:44
G6.txt,Gset,42,SpecAnn,0.5612135332663137,1.0,-4099.999999999999,-3604.0,0.0126924514770507,0,True,46,33,True,40,32,0.7524803876876831,661.5512084960938,-16676.444379787263,2025-11-24 05:22:44
G6.txt,Gset,42,SpecAnn,0.5681853972686127,1.0,-4099.999999999999,-3604.0,0.0126631259918212,0,True,46,33,True,41,32,0.7519237995147705,660.0144653320312,-16625.39958099022,2025-11-24 05:22:44
G6.txt,Gset,42,SpecAnn,0.5750727444570146,1.0,-4099.999999999999,-3604.0,0.0127558708190917,0,True,46,33,True,42,32,0.7513722777366638,658.5004272460938,-16575.095358000537,2025-11-24 05:22:44
G6.txt,Gset,42,SpecAnn,0.5818785759635375,1.0,-4098.0,-3601.9999999999995,0.0127677917480468,0,True,46,33,True,43,32,0.7508257627487183,657.0082397460938,-16525.506876775045,2025-11-24 05:22:44
G6.txt,Gset,42,SpecAnn,0.5886057194025436,1.0,-4098.0,-3601.9999999999995,0.0127477645874023,0,True,46,33,True,44,32,0.7502840161323547,655.537109375,-16476.607007379935,2025-11-24 05:22:44
G6.txt,Gset,42,SpecAnn,0.5952568425994088,1.0,-4088.0,-3596.0,0.0128588676452636,0,True,46,33,True,45,32,0.7497467994689941,654.08642578125,-16428.3733442378,2025-11-24 05:22:44
G6.txt,Gset,42,SpecAnn,0.6018344659534288,1.0,-4088.0,-3596.0,0.0127875804901123,0,True,46,33,True,46,32,0.7492139935493469,652.6553955078125,-16380.78160187788,2025-11-24 05:22:44
G6.txt,Gset,42,SpecAnn,0.6083409735974393,1.0,-4088.0,-3596.0,0.0127227306365966,0,True,46,33,True,47,32,0.7486854195594788,651.2433471679688,-16333.809353427294,2025-11-24 05:22:44
G6.txt,Gset,42,SpecAnn,0.6147786234942719,1.0,-4090.0,-3590.0,0.0126910209655761,0,True,46,33,True,48,32,0.7481610774993896,649.849853515625,-16287.444281738864,2025-11-24 05:22:44
G6.txt,Gset,42,SpecAnn,0.6211495565912796,1.0,-4090.0,-3590.0,0.0126771926879882,0,True,46,33,True,49,32,0.7476406693458557,648.4740600585938,-16241.65694057366,2025-11-24 05:22:44
G6.txt,Gset,42,SpecAnn,0.6274558051381586,1.0,-4088.0,-3583.9999999999995,0.0128273963928222,0,True,46,33,True,50,32,0.7471242547035217,647.1156616210938,-16196.439514253809,2025-11-24 05:22:44
G6.txt,Gset,42,SpecAnn,0.6336993002596786,1.0,-4106.0,-3585.9999999999995,0.012822151184082,0,True,46,33,True,51,32,0.746611475944519,645.7739868164062,-16151.76602568971,2025-11-24 05:22:44
G6.txt,Gset,42,SpecAnn,0.6398818788633085,1.0,-4104.0,-3597.9999999999995,0.0127472877502441,0,True,46,33,True,52,32,0.7461023926734924,644.4486083984375,-16107.625730819422,2025-11-24 05:22:44
G6.txt,Gset,42,SpecAnn,0.6460052899517691,1.0,-4083.999999999999,-3601.9999999999995,0.0127050876617431,0,True,46,33,True,53,32,0.7455967664718628,643.138916015625,-16063.99692181121,2025-11-24 05:22:44
G6.txt,Gset,42,SpecAnn,0.6520712004019966,1.0,-4083.999999999999,-3601.9999999999995,0.0127534866333007,0,True,46,33,True,54,32,0.7450946569442749,641.8446044921875,-16020.872010753948,2025-11-24 05:22:44
G6.txt,Gset,42,SpecAnn,0.6580812002646271,1.0,-4083.999999999999,-3601.9999999999995,0.0126738548278808,0,True,46,33,True,55,32,0.7445958256721497,640.5652465820312,-15978.233990633662,2025-11-24 05:22:44
G6.txt,Gset,42,SpecAnn,0.6640368076317485,1.0,-4080.0,-3600.0,0.0127193927764892,0,True,46,33,True,56,32,0.7441002726554871,639.3003540039062,-15936.069518722376,2025-11-24 05:22:44
G6.txt,Gset,42,SpecAnn,0.6699394731151429,1.0,-4099.999999999999,-3600.0,0.012789249420166,0,True,46,33,True,57,32,0.7436078786849976,638.049560546875,-15894.365787174249,2025-11-24 05:22:45
G6.txt,Gset,42,SpecAnn,0.6757905839724513,1.0,-4097.999999999999,-3581.9999999999995,0.0127761363983154,0,True,46,33,True,58,32,0.7431184649467468,636.8125,-15853.108769873155,2025-11-24 05:22:45
G6.txt,Gset,42,SpecAnn,0.6815914679145113,1.0,-4097.999999999999,-3581.9999999999995,0.0127685070037841,0,True,46,33,True,59,32,0.7426320910453796,635.5887451171875,-15812.288060848074,2025-11-24 05:22:45
G6.txt,Gset,42,SpecAnn,0.6873433966234707,1.0,-4097.999999999999,-3581.9999999999995,0.0127723217010498,0,True,46,33,True,60,32,0.7421485781669617,634.378173828125,-15771.895800844335,2025-11-24 05:22:45
G6.txt,Gset,42,SpecAnn,0.6930475890080863,1.0,-4088.0,-3575.9999999999995,0.012784719467163,0,True,46,33,True,61,32,0.7416679859161377,633.1800537109375,-15731.914067795107,2025-11-24 05:22:45
G6.txt,Gset,42,SpecAnn,0.6987052142198116,1.0,-4117.999999999999,-3580.0,0.012723684310913,0,True,46,33,True,62,32,0.7411900758743286,631.9944458007812,-15692.338376380383,2025-11-24 05:22:45
G6.txt,Gset,42,SpecAnn,0.7043173944508145,1.0,-4088.0,-3590.0,0.0127553939819335,0,True,46,33,True,63,32,0.7407148480415344,630.82080078125,-15653.154175336109,2025-11-24 05:22:45
G6.txt,Gset,42,SpecAnn,0.709885207532891,1.0,-4088.0,-3590.0,0.0129663944244384,0,True,46,33,True,64,32,0.7402422428131104,629.6590576171875,-15614.357806107568,2025-11-24 05:22:45
G6.txt,Gset,42,SpecAnn,0.7154096893543218,1.0,-4088.0,-3590.0,0.0130419731140136,0,True,46,33,True,65,32,0.7397722005844116,628.5087280273438,-15575.935041446468,2025-11-24 05:22:45
G6.txt,Gset,42,SpecAnn,0.7208918361100219,1.0,-4088.0,-3584.0,0.0130515098571777,0,True,46,33,True,66,32,0.7393046617507935,627.36962890625,-15537.879258257077,2025-11-24 05:22:45
G6.txt,Gset,42,SpecAnn,0.7263326063988248,1.0,-4088.0,-3584.0,0.0128965377807617,0,True,46,33,True,67,32,0.7388395071029663,626.2415771484375,-15500.18260928915,2025-11-24 05:22:45
G6.txt,Gset,42,SpecAnn,0.7317329231804058,1.0,-4124.0,-3582.0,0.0128016471862792,0,True,46,33,True,68,32,0.738376796245575,625.1240234375,-15462.831968344486,2025-11-24 05:22:45
G6.txt,Gset,42,SpecAnn,0.7370936756031579,1.0,-4124.0,-3582.0,0.0126922130584716,0,True,46,33,True,69,32,0.7379164099693298,624.0171508789062,-15425.828607151048,2025-11-24 05:22:45
G6.txt,Gset,42,SpecAnn,0.7424157207132704,1.0,-4124.0,-3582.0,0.012749433517456,0,True,46,33,True,70,32,0.7374582290649414,622.92041015625,-15389.155714494877,2025-11-24 05:22:45
G6.txt,Gset,42,SpecAnn,0.7476998850543153,1.0,-4099.999999999999,-3588.0,0.0126819610595703,0,True,46,33,True,71,32,0.7370022535324097,621.833740234375,-15352.811073819918,2025-11-24 05:22:45
G6.txt,Gset,42,SpecAnn,0.7529469661657903,1.0,-4099.999999999999,-3588.0,0.0127010345458984,0,True,46,33,True,72,32,0.7365484833717346,620.7568969726562,-15316.787958759762,2025-11-24 05:22:45
G6.txt,Gset,42,SpecAnn,0.7581577339883167,1.0,-4088.000000000001,-3593.9999999999995,0.0128662586212158,0,True,46,33,True,73,32,0.7360968589782715,619.6895751953125,-15281.076919735438,2025-11-24 05:22:45
G6.txt,Gset,42,SpecAnn,0.7633329321824984,1.0,-4088.000000000001,-3593.9999999999995,0.0127654075622558,0,True,46,33,True,74,32,0.7356472611427307,618.6317138671875,-15245.673319741403,2025-11-24 05:22:45
G6.txt,Gset,42,SpecAnn,0.7684732793678399,1.0,-4096.0,-3582.0000000000005,0.0128748416900634,0,True,46,33,True,75,32,0.7351996898651123,617.5830078125,-15210.568999625391,2025-11-24 05:22:45
G6.txt,Gset,42,SpecAnn,0.7735794702875677,1.0,-4096.0,-3582.0000000000005,0.0128085613250732,0,True,46,33,True,76,32,0.7347541451454163,616.5432739257812,-15175.758826979536,2025-11-24 05:22:45
G6.txt,Gset,42,SpecAnn,0.7786521769046981,1.0,-4096.0,-3582.0000000000005,0.0128045082092285,0,True,46,33,True,77,32,0.734310507774353,615.5123901367188,-15141.236727380438,2025-11-24 05:22:45
G6.txt,Gset,42,SpecAnn,0.7836920494342511,1.0,-4078.0,-3582.0,0.0127906799316406,0,True,46,33,True,78,32,0.7338687777519226,614.490234375,-15106.99910758267,2025-11-24 05:22:45
G6.txt,Gset,42,SpecAnn,0.788699717316095,1.0,-4078.0,-3582.0,0.0128023624420166,0,True,46,33,True,79,32,0.733428955078125,613.4764404296875,-15073.036386424676,2025-11-24 05:22:45
G6.txt,Gset,42,SpecAnn,0.7936757901325451,1.0,-4078.0,-3582.0,0.0128090381622314,0,True,46,33,True,80,32,0.7329908609390259,612.4710693359375,-15039.34582982862,2025-11-24 05:22:45
G6.txt,Gset,42,SpecAnn,0.7986208584745024,1.0,-4078.0,-3582.0,0.012744665145874,0,True,46,33,True,81,32,0.7325546145439148,611.4737548828125,-15005.920347198617,2025-11-24 05:22:45
G6.txt,Gset,42,SpecAnn,0.803535494759617,1.0,-4078.0,-3582.0,0.0128207206726074,0,True,46,33,True,82,32,0.732120156288147,610.4845581054688,-14972.75967807115,2025-11-24 05:22:45
G6.txt,Gset,42,SpecAnn,0.8084202540056837,1.0,-4096.0,-3565.9999999999995,0.012965440750122,0,True,46,33,True,83,32,0.7316874265670776,609.5030517578125,-14939.851600752714,2025-11-24 05:22:45
G6.txt,Gset,42,SpecAnn,0.8132756745622272,1.0,-4096.0,-3565.9999999999995,0.0129320621490478,0,True,46,33,True,84,32,0.731256365776062,608.5294189453125,-14907.198880753223,2025-11-24 05:22:45
G6.txt,Gset,42,SpecAnn,0.8181022788030096,1.0,-4084.0,-3548.0,0.0129890441894531,0,True,46,33,True,85,32,0.7308269143104553,607.5632934570312,-14874.790834684243,2025-11-24 05:22:45
G6.txt,Gset,42,SpecAnn,0.822900573781978,1.0,-4084.0,-3548.0,0.0129511356353759,0,True,46,33,True,86,32,0.7303991317749023,606.6046142578125,-14842.62670008262,2025-11-24 05:22:45
G6.txt,Gset,42,SpecAnn,0.8276710518549868,1.0,-4084.0,-3548.0,0.0127239227294921,0,True,46,33,True,87,32,0.7299729585647583,605.653076171875,-14810.697323880522,2025-11-24 05:22:45
G6.txt,Gset,42,SpecAnn,0.8324141912694495,1.0,-4084.0,-3548.0,0.0127110481262207,0,True,46,33,True,88,32,0.7295483350753784,604.7089233398438,-14779.007005631556,2025-11-24 05:22:45
G6.txt,Gset,42,SpecAnn,0.8371304567239225,1.0,-4084.0,-3548.0,0.0127534866333007,0,True,46,33,True,89,32,0.7291252613067627,603.7716674804688,-14747.543356514108,2025-11-24 05:22:45
G6.txt,Gset,42,SpecAnn,0.8418202998994706,1.0,-4084.0,-3548.0,0.0128297805786132,0,True,46,33,True,90,32,0.7287036776542664,602.8414916992188,-14716.309203467454,2025-11-24 05:22:45
G6.txt,Gset,42,SpecAnn,0.846484159964536,1.0,-4084.0,-3548.0,0.0129752159118652,0,True,46,33,True,91,32,0.7282835245132446,601.91796875,-14685.292481594952,2025-11-24 05:22:45
G6.txt,Gset,42,SpecAnn,0.8511224640549078,1.0,-4084.0,-3548.0,0.0129539966583251,0,True,46,33,True,92,32,0.7278648614883423,601.001220703125,-14654.496953757058,2025-11-24 05:22:45
G6.txt,Gset,42,SpecAnn,0.8557356277302758,1.0,-4099.999999999999,-3545.9999999999995,0.0129432678222656,0,True,46,33,True,93,32,0.7274476289749146,600.0910034179688,-14623.915049786889,2025-11-24 05:22:45
G6.txt,Gset,42,SpecAnn,0.8603240554087516,1.0,-4090.0,-3546.0,0.0128719806671142,0,True,46,33,True,94,32,0.7270317673683167,599.1871948242188,-14593.542195456774,2025-11-24 05:22:45
G6.txt,Gset,42,SpecAnn,0.86488814078064,1.0,-4090.0,-3546.0,0.0127284526824951,0,True,46,33,True,95,32,0.7266173362731934,598.2899169921875,-14563.382164433104,2025-11-24 05:22:45
G6.txt,Gset,42,SpecAnn,0.8694282672026621,1.0,-4083.999999999999,-3571.9999999999995,0.0127246379852294,0,True,46,33,True,96,32,0.7262042164802551,597.398681640625,-14533.42029116011,2025-11-24 05:22:45
G6.txt,Gset,42,SpecAnn,0.8739448080737451,1.0,-4090.0,-3582.0,0.0126900672912597,0,True,46,33,True,97,32,0.7257924675941467,596.5137939453125,-14503.664818460744,2025-11-24 05:22:45
G6.txt,Gset,42,SpecAnn,0.878438127193422,1.0,-4090.0,-3587.9999999999995,0.0128962993621826,0,True,46,33,True,98,32,0.7253819704055786,595.6348876953125,-14474.1040840375,2025-11-24 05:22:45
G6.txt,Gset,42,SpecAnn,0.8829085791038153,1.0,-4097.999999999999,-3582.0,0.0127911567687988,0,True,46,33,True,99,32,0.7249728441238403,594.7619018554688,-14444.73862341623,2025-11-24 05:22:45
G6.txt,Gset,42,SpecAnn,0.8873565094161138,1.0,-4097.999999999999,-3582.0,0.0127415657043457,0,True,46,33,True,100,32,0.7245648503303528,593.894775390625,-14415.561847936704,2025-11-24 05:22:45
G6.txt,Gset,42,SpecAnn,0.8917822551223932,1.0,-4094.000000000001,-3580.0,0.0129621028900146,0,True,46,33,True,101,32,0.7241582870483398,593.0335693359375,-14386.580820037923,2025-11-24 05:22:45
G6.txt,Gset,42,SpecAnn,0.8961861448935777,1.0,-4094.000000000001,-3580.0,0.0129570960998535,0,True,46,33,True,102,32,0.7237528562545776,592.1779174804688,-14357.780382777124,2025-11-24 05:22:45
G6.txt,Gset,42,SpecAnn,0.9005684993642872,1.0,-4094.000000000001,-3580.0,0.0130238533020019,0,True,46,33,True,103,32,0.7233486175537109,591.3279418945312,-14329.164351224725,2025-11-24 05:22:45
G6.txt,Gset,42,SpecAnn,0.9049296314052688,1.0,-4094.000000000001,-3580.0,0.0128495693206787,0,True,46,33,True,104,32,0.7229455709457397,590.4835205078125,-14300.729436563626,2025-11-24 05:22:45
G6.txt,Gset,42,SpecAnn,0.9092698463840684,1.0,-4094.000000000001,-3580.0,0.0127220153808593,0,True,46,33,True,105,32,0.7225436568260193,589.6444702148438,-14272.46970316518,2025-11-24 05:22:45
G6.txt,Gset,42,SpecAnn,0.9135894424145556,1.0,-4102.0,-3580.0,0.0128912925720214,0,True,46,33,True,106,32,0.7221429347991943,588.810791015625,-14244.38601429286,2025-11-24 05:22:45
G6.txt,Gset,42,SpecAnn,0.9178887105958816,1.0,-4098.0,-3571.9999999999995,0.0130281448364257,0,True,46,33,True,107,32,0.7217432260513306,587.982421875,-14216.473055855487,2025-11-24 05:22:45
G6.txt,Gset,42,SpecAnn,0.922167935241408,1.0,-4098.0,-3571.9999999999995,0.0128040313720703,0,True,46,33,True,108,32,0.7213448882102966,587.1591796875,-14188.733139916529,2025-11-24 05:22:45
G6.txt,Gset,42,SpecAnn,0.92642739409812,1.0,-4098.0,-3583.9999999999995,0.0127480030059814,0,True,46,33,True,109,32,0.7209474444389343,586.3411254882812,-14161.158055672531,2025-11-24 05:22:45
G6.txt,Gset,42,SpecAnn,0.9306673585570006,1.0,-4097.999999999999,-3583.9999999999995,0.012916088104248,0,True,46,33,True,110,32,0.7205511331558228,585.5281372070312,-14133.749252431338,2025-11-24 05:22:45
G6.txt,Gset,42,SpecAnn,0.9348880938548184,1.0,-4097.999999999999,-3583.9999999999995,0.012815237045288,0,True,46,33,True,111,32,0.7201558947563171,584.72021484375,-14106.505268347377,2025-11-24 05:22:45
G6.txt,Gset,42,SpecAnn,0.9390898592677528,1.0,-4084.0,-3580.0,0.0130233764648437,0,True,46,33,True,112,32,0.7197616696357727,583.9171142578125,-14079.41876241803,2025-11-24 05:22:45
G6.txt,Gset,42,SpecAnn,0.9432729082972536,1.0,-4097.999999999999,-3560.0000000000005,0.013080358505249,0,True,46,33,True,113,32,0.7193685173988342,583.1188354492188,-14052.490626168716,2025-11-24 05:22:45
G6.txt,Gset,42,SpecAnn,0.9474374888485204,1.0,-4097.999999999999,-3560.0000000000005,0.0130589008331298,0,True,46,33,True,114,32,0.7189763784408569,582.325439453125,-14025.720890321609,2025-11-24 05:22:45
G6.txt,Gset,42,SpecAnn,0.9515838434019476,1.0,-4097.999999999999,-3560.0000000000005,0.0128355026245117,0,True,46,33,True,115,32,0.718585193157196,581.53662109375,-13999.100774087288,2025-11-24 05:22:45
G6.txt,Gset,42,SpecAnn,0.9557122091778746,1.0,-4100.000000000001,-3553.9999999999995,0.0127534866333007,0,True,46,33,True,116,32,0.7181950211524963,580.7525634765625,-13972.635586948943,2025-11-24 05:22:45
G6.txt,Gset,42,SpecAnn,0.9598228182949629,1.0,-4100.000000000001,-3553.9999999999995,0.0127580165863037,0,True,46,33,True,117,32,0.717805802822113,579.9730224609375,-13946.318033591811,2025-11-24 05:22:45
G6.txt,Gset,42,SpecAnn,0.963915897922488,1.0,-4100.000000000001,-3553.9999999999995,0.0127439498901367,0,True,46,33,True,118,32,0.7174175381660461,579.1980590820312,-13920.14932951563,2025-11-24 05:22:45
G6.txt,Gset,42,SpecAnn,0.967991670426842,1.0,-4084.0,-3556.0,0.0127437114715576,0,True,46,33,True,119,32,0.7170302271842957,578.4275512695312,-13894.126289631002,2025-11-24 05:22:45
G6.txt,Gset,42,SpecAnn,0.9720503535125016,1.0,-4077.999999999999,-3552.0,0.0127265453338623,0,True,46,33,True,120,32,0.7166438698768616,577.6614990234375,-13868.248666657342,2025-11-24 05:22:45
G6.txt,Gset,42,SpecAnn,0.9760921603577252,1.0,-4077.999999999999,-3552.0,0.012805700302124,0,True,46,33,True,121,32,0.7162584066390991,576.8997802734375,-13842.512133204807,2025-11-24 05:22:45
G6.txt,Gset,42,SpecAnn,0.9801172997452104,1.0,-4077.999999999999,-3552.0,0.0128173828125,0,True,46,33,True,122,32,0.7158738374710083,576.1423950195312,-13816.916452954374,2025-11-24 05:22:45
G6.txt,Gset,42,SpecAnn,0.9841259761879442,1.0,-4077.999999999999,-3552.0,0.0128998756408691,0,True,46,33,True,123,32,0.7154901623725891,575.3892211914062,-13791.458464472174,2025-11-24 05:22:45
G6.txt,Gset,42,SpecAnn,0.9881183900504562,1.0,-4077.999999999999,-3552.0,0.0128571987152099,0,True,46,33,True,124,32,0.7151073813438416,574.6402587890625,-13766.137937692696,2025-11-24 05:22:45
G6.txt,Gset,42,SpecAnn,0.9920947376656812,1.0,-4077.999999999999,-3552.0,0.0128281116485595,0,True,46,33,True,125,32,0.7147254943847656,573.8953857421875,-13740.951720540645,2025-11-24 05:22:45
G6.txt,Gset,42,SpecAnn,0.9960552114476228,1.0,-4097.999999999999,-3547.999999999999,0.0128238201141357,0,True,46,33,True,126,32,0.7143443822860718,573.1546630859375,-13715.898760842938,2025-11-24 05:22:45
G6.txt,Gset,42,SpecAnn,1.0,1.0,-4097.999999999999,-3547.999999999999,0.0128724575042724,0,True,46,33,True,127,32,0.7139641642570496,572.4179077148438,-13690.97674842781,2025-11-24 05:22:45
G6.txt,Gset,43,SpecAnn,0.0,1.0,-4099.999999999999,-3655.999999999999,0.025038719177246,0,True,49,65,True,0,32,0.7922236323356628,800.0,-21231.593346595764,2025-11-24 05:22:46
G6.txt,Gset,43,SpecAnn,0.0887356509416113,1.0,-4102.0,-3646.0,0.0244615077972412,0,True,49,65,True,1,32,0.7865626811981201,776.031494140625,-20448.313326302014,2025-11-24 05:22:46
G6.txt,Gset,43,SpecAnn,0.1254911610276317,1.0,-4104.0,-3640.0,0.0127539634704589,0,True,49,33,True,2,32,0.7841535210609436,766.3468017578125,-20131.273688898083,2025-11-24 05:22:46
G6.txt,Gset,43,SpecAnn,0.1536946558735679,1.0,-4114.0,-3644.0,0.0129549503326416,0,True,49,33,True,3,32,0.7822784185409546,759.009765625,-19890.858130193898,2025-11-24 05:22:46
G6.txt,Gset,43,SpecAnn,0.1774713018832227,1.0,-4087.999999999999,-3646.0,0.0128021240234375,0,True,49,33,True,4,32,0.7806798815727234,752.8873291015625,-19690.093695840496,2025-11-24 05:22:46
G6.txt,Gset,43,SpecAnn,0.1984189475331362,1.0,-4106.0,-3650.0,0.012850284576416,0,True,49,33,True,5,32,0.7792577743530273,747.5404663085938,-19514.645120484376,2025-11-24 05:22:46
G6.txt,Gset,43,SpecAnn,0.2173570668006655,1.0,-4097.999999999999,-3658.0,0.0128343105316162,0,True,49,33,True,6,32,0.7779609560966492,742.7443237304688,-19357.17382152794,2025-11-24 05:22:46
G6.txt,Gset,43,SpecAnn,0.2347724648169381,1.0,-4102.0,-3644.0,0.012969970703125,0,True,49,33,True,7,32,0.776759147644043,738.3651123046875,-19213.31715201022,2025-11-24 05:22:46
G6.txt,Gset,43,SpecAnn,0.2509823220552634,1.0,-4070.0,-3638.0,0.0130512714385986,0,True,49,33,True,8,32,0.7756322622299194,734.3157348632812,-19080.22564987159,2025-11-24 05:22:46
G6.txt,Gset,43,SpecAnn,0.2662069528248341,1.0,-4070.0,-3638.0,0.013089895248413,0,True,49,33,True,9,32,0.7745667695999146,730.535888671875,-18955.93558274013,2025-11-24 05:22:46
G6.txt,Gset,43,SpecAnn,0.2806067666331568,1.0,-4090.0,-3656.0,0.0129621028900146,0,True,49,33,True,10,32,0.7735525369644165,726.9813842773438,-18839.002853477028,2025-11-24 05:22:46
G6.txt,Gset,43,SpecAnn,0.2943028597012718,1.0,-4070.0,-3658.0,0.0129115581512451,0,True,49,33,True,11,32,0.7725818753242493,723.619140625,-18728.34359493357,2025-11-24 05:22:46
G6.txt,Gset,43,SpecAnn,0.3073893117471359,1.0,-4070.0,-3658.0,0.0128760337829589,0,True,49,33,True,12,32,0.771649181842804,720.4234008789062,-18623.12328359872,2025-11-24 05:22:46
G6.txt,Gset,43,SpecAnn,0.3199409394316542,1.0,-4070.0,-3658.0,0.0129256248474121,0,True,49,33,True,13,32,0.770749568939209,717.37353515625,-18522.66399016755,2025-11-24 05:22:46
G6.txt,Gset,43,SpecAnn,0.3320184038158743,1.0,-4078.0,-3670.0,0.0130283832550048,0,True,49,33,True,14,32,0.7698794603347778,714.4529418945312,-18426.42861890193,2025-11-24 05:22:46
G6.txt,Gset,43,SpecAnn,0.3436716983117353,1.0,-4078.0,-3670.0,0.0128791332244873,0,True,49,33,True,15,32,0.7690355181694031,711.6478881835938,-18333.963831854955,2025-11-24 05:22:46
G6.txt,Gset,43,SpecAnn,0.3549426037664455,1.0,-4087.999999999999,-3675.999999999999,0.0128617286682128,0,True,49,33,True,16,32,0.7682152986526489,708.9470825195312,-18244.903823343306,2025-11-24 05:22:46
G6.txt,Gset,43,SpecAnn,0.3658664615902029,1.0,-4104.0,-3668.0,0.0129153728485107,0,True,49,33,True,17,32,0.7674164772033691,706.3406372070312,-18158.9243576186,2025-11-24 05:22:46
G6.txt,Gset,43,SpecAnn,0.3764734830828951,1.0,-4104.0,-3668.0,0.0129497051239013,0,True,49,33,True,18,32,0.7666372656822205,703.8204956054688,-18075.763179449743,2025-11-24 05:22:46
G6.txt,Gset,43,SpecAnn,0.3867897351437838,1.0,-4104.0,-3668.0,0.0128185749053955,0,True,49,33,True,19,32,0.7658759951591492,701.3793334960938,-17995.181433350284,2025-11-24 05:22:46
G6.txt,Gset,43,SpecAnn,0.3968378950662725,1.0,-4084.0,-3658.000000000001,0.0127859115600585,0,True,49,33,True,20,32,0.7651312947273254,699.010986328125,-17916.978563428413,2025-11-24 05:22:46
G6.txt,Gset,43,SpecAnn,0.4066378372811136,1.0,-4078.0,-3664.0,0.0128536224365234,0,True,49,33,True,21,32,0.7644018530845642,696.7100830078125,-17840.977030214726,2025-11-24 05:22:46
G6.txt,Gset,43,SpecAnn,0.4162070956347247,1.0,-4078.0,-3664.0,0.0128731727600097,0,True,49,33,True,22,32,0.7636865377426147,694.4717407226562,-17767.017094291168,2025-11-24 05:22:46
G6.txt,Gset,43,SpecAnn,0.4255612320274539,1.0,-4090.0,-3664.0,0.0129032135009765,0,True,49,33,True,23,32,0.762984573841095,692.2918090820312,-17694.9670260255,2025-11-24 05:22:46
G6.txt,Gset,43,SpecAnn,0.434714133601331,1.0,-4109.999999999999,-3670.0,0.0128133296966552,0,True,49,33,True,24,32,0.7622949481010437,690.1663818359375,-17624.69659846082,2025-11-24 05:22:46
G6.txt,Gset,43,SpecAnn,0.4436782547080569,1.0,-4109.999999999999,-3670.0,0.0128328800201416,0,True,49,33,True,25,32,0.7616168260574341,688.0921020507812,-17556.094513769985,2025-11-24 05:22:46
G6.txt,Gset,43,SpecAnn,0.4524648157026343,1.0,-4090.0,-3646.0,0.0129580497741699,0,True,49,33,True,26,32,0.7609496116638184,686.06591796875,-17489.063394112396,2025-11-24 05:22:46
G6.txt,Gset,43,SpecAnn,0.4610839676207039,1.0,-4090.0,-3646.0,0.0130329132080078,0,True,49,33,True,27,32,0.760292649269104,684.0850219726562,-17423.511258310285,2025-11-24 05:22:46
G6.txt,Gset,43,SpecAnn,0.4695449296338763,1.0,-4090.0,-3637.999999999999,0.0131299495697021,0,True,49,33,True,28,32,0.7596454620361328,682.14697265625,-17359.36004937021,2025-11-24 05:22:46
G6.txt,Gset,43,SpecAnn,0.4778561045889373,1.0,-4078.0,-3626.0,0.0130050182342529,0,True,49,33,True,29,32,0.759007453918457,680.2493896484375,-17296.530968432606,2025-11-24 05:22:46
G6.txt,Gset,43,SpecAnn,0.4860251767562508,1.0,-4078.0,-3626.0,0.0130605697631835,0,True,49,33,True,30,32,0.7583780288696289,678.39013671875,-17234.951852093684,2025-11-24 05:22:46
G6.txt,Gset,43,SpecAnn,0.4940591950252281,1.0,-4096.0,-3618.0,0.0130262374877929,0,True,49,33,True,31,32,0.7577569484710693,676.5674438476562,-17174.568336443197,2025-11-24 05:22:46
G6.txt,Gset,43,SpecAnn,0.5019646441105269,1.0,-4094.0,-3604.0,0.0129733085632324,0,True,49,33,True,32,32,0.7571436166763306,674.7794189453125,-17115.315145586726,2025-11-24 05:22:46
G6.txt,Gset,43,SpecAnn,0.5097475058154177,1.0,-4112.0,-3620.0,0.0129172801971435,0,True,49,33,True,33,32,0.7565377950668335,673.0243530273438,-17057.140062197224,2025-11-24 05:22:46
G6.txt,Gset,43,SpecAnn,0.51741331199832,1.0,-4078.0,-3618.0,0.0129885673522949,0,True,49,33,True,34,32,0.7559390664100647,671.3009643554688,-16999.997913214145,2025-11-24 05:22:46
G6.txt,Gset,43,SpecAnn,0.5249671905758515,1.0,-4078.0,-3618.0,0.0129275321960449,0,True,49,33,True,35,32,0.7553472518920898,669.6077270507812,-16943.842941862793,2025-11-24 05:22:46
G6.txt,Gset,43,SpecAnn,0.5324139056496683,1.0,-4078.0,-3612.0,0.0129587650299072,0,True,49,33,True,36,32,0.7547619342803955,667.9432983398438,-16888.62889079436,2025-11-24 05:22:46
G6.txt,Gset,43,SpecAnn,0.5397578926492556,1.0,-4084.0,-3590.0,0.012864351272583,0,True,49,33,True,37,32,0.7541828155517578,666.3064575195312,-16834.315485105326,2025-11-24 05:22:46
G6.txt,Gset,43,SpecAnn,0.5470032892270364,1.0,-4106.0,-3604.0,0.012871503829956,0,True,49,33,True,38,32,0.7536096572875977,664.6963500976562,-16780.873218013294,2025-11-24 05:22:46
G6.txt,Gset,43,SpecAnn,0.554153962516942,1.0,-4106.0,-3604.0,0.0128307342529296,0,True,49,33,True,39,32,0.7530422806739807,663.111572265625,-16728.260199127217,2025-11-24 05:22:46
G6.txt,Gset,43,SpecAnn,0.5612135332663137,1.0,-4106.0,-3604.0,0.012972354888916,0,True,49,33,True,40,32,0.7524803876876831,661.5512084960938,-16676.444379787263,2025-11-24 05:22:46
G6.txt,Gset,43,SpecAnn,0.5681853972686127,1.0,-4106.0,-3604.0,0.0128841400146484,0,True,49,33,True,41,32,0.7519237399101257,660.0144653320312,-16625.398263102637,2025-11-24 05:22:46
G6.txt,Gset,43,SpecAnn,0.5750727444570146,1.0,-4106.0,-3604.0,0.0128483772277832,0,True,49,33,True,42,32,0.7513723373413086,658.5004272460938,-16575.09667286495,2025-11-24 05:22:46
G6.txt,Gset,43,SpecAnn,0.5818785759635375,1.0,-4096.0,-3601.9999999999995,0.0128638744354248,0,True,49,33,True,43,32,0.7508257627487183,657.0082397460938,-16525.506876775045,2025-11-24 05:22:46
G6.txt,Gset,43,SpecAnn,0.5886057194025436,1.0,-4096.0,-3601.9999999999995,0.0128564834594726,0,True,49,33,True,44,32,0.7502840161323547,655.537109375,-16476.607007379935,2025-11-24 05:22:46
G6.txt,Gset,43,SpecAnn,0.5952568425994088,1.0,-4097.999999999999,-3596.0,0.0128788948059082,0,True,49,33,True,45,32,0.7497467994689941,654.08642578125,-16428.3733442378,2025-11-24 05:22:46
G6.txt,Gset,43,SpecAnn,0.6018344659534288,1.0,-4097.999999999999,-3596.0,0.0128283500671386,0,True,49,33,True,46,32,0.7492139935493469,652.6553955078125,-16380.78160187788,2025-11-24 05:22:46
G6.txt,Gset,43,SpecAnn,0.6083409735974393,1.0,-4097.999999999999,-3596.0,0.0128321647644042,0,True,49,33,True,47,32,0.7486854195594788,651.2433471679688,-16333.809353427294,2025-11-24 05:22:46
G6.txt,Gset,43,SpecAnn,0.6147786234942719,1.0,-4112.0,-3590.0,0.0129058361053466,0,True,49,33,True,48,32,0.7481610774993896,649.849853515625,-16287.444281738864,2025-11-24 05:22:46
G6.txt,Gset,43,SpecAnn,0.6211495565912796,1.0,-4112.0,-3590.0,0.0128595829010009,0,True,49,33,True,49,32,0.7476406693458557,648.4740600585938,-16241.65694057366,2025-11-24 05:22:46
G6.txt,Gset,43,SpecAnn,0.6274558051381586,1.0,-4080.0,-3583.9999999999995,0.0128552913665771,0,True,49,33,True,50,32,0.7471242547035217,647.1156616210938,-16196.439514253809,2025-11-24 05:22:46
G6.txt,Gset,43,SpecAnn,0.6336993002596786,1.0,-4096.0,-3585.9999999999995,0.0128359794616699,0,True,49,33,True,51,32,0.746611475944519,645.7739868164062,-16151.76602568971,2025-11-24 05:22:46
G6.txt,Gset,43,SpecAnn,0.6398818788633085,1.0,-4082.0,-3597.9999999999995,0.0129330158233642,0,True,49,33,True,52,32,0.7461023926734924,644.4486083984375,-16107.625730819422,2025-11-24 05:22:46
G6.txt,Gset,43,SpecAnn,0.6460052899517691,1.0,-4086.0,-3601.9999999999995,0.0128712654113769,0,True,49,33,True,53,32,0.7455967664718628,643.138916015625,-16063.99692181121,2025-11-24 05:22:46
G6.txt,Gset,43,SpecAnn,0.6520712004019966,1.0,-4086.0,-3601.9999999999995,0.0130829811096191,0,True,49,33,True,54,32,0.7450946569442749,641.8446044921875,-16020.872010753948,2025-11-24 05:22:46
G6.txt,Gset,43,SpecAnn,0.6580812002646271,1.0,-4086.0,-3601.9999999999995,0.0130324363708496,0,True,49,33,True,55,32,0.7445958256721497,640.5652465820312,-15978.233990633662,2025-11-24 05:22:46
G6.txt,Gset,43,SpecAnn,0.6640368076317485,1.0,-4106.0,-3600.0,0.0130858421325683,0,True,49,33,True,56,32,0.7441002726554871,639.3003540039062,-15936.069518722376,2025-11-24 05:22:46
G6.txt,Gset,43,SpecAnn,0.6699394731151429,1.0,-4097.999999999999,-3600.0,0.0129401683807373,0,True,49,33,True,57,32,0.7436078786849976,638.049560546875,-15894.365787174249,2025-11-24 05:22:46
G6.txt,Gset,43,SpecAnn,0.6757905839724513,1.0,-4092.0,-3581.9999999999995,0.0129122734069824,0,True,49,33,True,58,32,0.7431184649467468,636.8125,-15853.108769873155,2025-11-24 05:22:46
G6.txt,Gset,43,SpecAnn,0.6815914679145113,1.0,-4092.0,-3581.9999999999995,0.0128343105316162,0,True,49,33,True,59,32,0.7426320910453796,635.5887451171875,-15812.288060848074,2025-11-24 05:22:46
G6.txt,Gset,43,SpecAnn,0.6873433966234707,1.0,-4092.0,-3581.9999999999995,0.0128371715545654,0,True,49,33,True,60,32,0.7421486377716064,634.378173828125,-15771.897067542508,2025-11-24 05:22:46
G6.txt,Gset,43,SpecAnn,0.6930475890080863,1.0,-4108.0,-3575.9999999999995,0.0128760337829589,0,True,49,33,True,61,32,0.7416679859161377,633.1800537109375,-15731.914067795107,2025-11-24 05:22:46
G6.txt,Gset,43,SpecAnn,0.6987052142198116,1.0,-4099.999999999999,-3580.0,0.012967824935913,0,True,49,33,True,62,32,0.7411900758743286,631.9944458007812,-15692.338376380383,2025-11-24 05:22:46
G6.txt,Gset,43,SpecAnn,0.7043173944508145,1.0,-4094.0,-3590.0,0.012979507446289,0,True,49,33,True,63,32,0.7407148480415344,630.82080078125,-15653.154175336109,2025-11-24 05:22:46
G6.txt,Gset,43,SpecAnn,0.709885207532891,1.0,-4094.0,-3590.0,0.0128402709960937,0,True,49,33,True,64,32,0.7402422428131104,629.6590576171875,-15614.357806107568,2025-11-24 05:22:46
G6.txt,Gset,43,SpecAnn,0.7154096893543218,1.0,-4094.0,-3590.0,0.0128684043884277,0,True,49,33,True,65,32,0.7397722005844116,628.5087280273438,-15575.935041446468,2025-11-24 05:22:46
G6.txt,Gset,43,SpecAnn,0.7208918361100219,1.0,-4105.999999999999,-3584.0,0.0128607749938964,0,True,49,33,True,66,32,0.7393046617507935,627.36962890625,-15537.879258257077,2025-11-24 05:22:46
G6.txt,Gset,43,SpecAnn,0.7263326063988248,1.0,-4105.999999999999,-3584.0,0.0127656459808349,0,True,49,33,True,67,32,0.7388395071029663,626.2415771484375,-15500.18260928915,2025-11-24 05:22:46
G6.txt,Gset,43,SpecAnn,0.7317329231804058,1.0,-4123.999999999999,-3582.0,0.0129270553588867,0,True,49,33,True,68,32,0.738376796245575,625.1240234375,-15462.831968344486,2025-11-24 05:22:46
G6.txt,Gset,43,SpecAnn,0.7370936756031579,1.0,-4123.999999999999,-3582.0,0.0128321647644042,0,True,49,33,True,69,32,0.7379164099693298,624.0171508789062,-15425.828607151048,2025-11-24 05:22:46
G6.txt,Gset,43,SpecAnn,0.7424157207132704,1.0,-4123.999999999999,-3582.0,0.0128931999206542,0,True,49,33,True,70,32,0.7374582290649414,622.92041015625,-15389.155714494877,2025-11-24 05:22:46
G6.txt,Gset,43,SpecAnn,0.7476998850543153,1.0,-4098.0,-3588.0,0.0129127502441406,0,True,49,33,True,71,32,0.7370022535324097,621.833740234375,-15352.811073819918,2025-11-24 05:22:46
G6.txt,Gset,43,SpecAnn,0.7529469661657903,1.0,-4098.0,-3588.0,0.0128920078277587,0,True,49,33,True,72,32,0.7365484833717346,620.7568969726562,-15316.787958759762,2025-11-24 05:22:46
G6.txt,Gset,43,SpecAnn,0.7581577339883167,1.0,-4096.0,-3593.9999999999995,0.0128529071807861,0,True,49,33,True,73,32,0.7360968589782715,619.6895751953125,-15281.076919735438,2025-11-24 05:22:46
G6.txt,Gset,43,SpecAnn,0.7633329321824984,1.0,-4096.0,-3593.9999999999995,0.0129070281982421,0,True,49,33,True,74,32,0.7356472611427307,618.6317138671875,-15245.673319741403,2025-11-24 05:22:46
G6.txt,Gset,43,SpecAnn,0.7684732793678399,1.0,-4090.0,-3582.0000000000005,0.0129206180572509,0,True,49,33,True,75,32,0.7351996898651123,617.5830078125,-15210.568999625391,2025-11-24 05:22:46
G6.txt,Gset,43,SpecAnn,0.7735794702875677,1.0,-4090.0,-3582.0000000000005,0.0128242969512939,0,True,49,33,True,76,32,0.7347541451454163,616.5432739257812,-15175.758826979536,2025-11-24 05:22:47
G6.txt,Gset,43,SpecAnn,0.7786521769046981,1.0,-4090.0,-3582.0000000000005,0.0129117965698242,0,True,49,33,True,77,32,0.734310507774353,615.5123901367188,-15141.236727380438,2025-11-24 05:22:47
G6.txt,Gset,43,SpecAnn,0.7836920494342511,1.0,-4098.0,-3582.0,0.01287841796875,0,True,49,33,True,78,32,0.7338687777519226,614.490234375,-15106.99910758267,2025-11-24 05:22:47
G6.txt,Gset,43,SpecAnn,0.788699717316095,1.0,-4098.0,-3582.0,0.0128672122955322,0,True,49,33,True,79,32,0.733428955078125,613.4764404296875,-15073.036386424676,2025-11-24 05:22:47
G6.txt,Gset,43,SpecAnn,0.7936757901325451,1.0,-4098.0,-3582.0,0.0128843784332275,0,True,49,33,True,80,32,0.7329909205436707,612.4710693359375,-15039.347052783658,2025-11-24 05:22:47
G6.txt,Gset,43,SpecAnn,0.7986208584745024,1.0,-4098.0,-3582.0,0.0128183364868164,0,True,49,33,True,81,32,0.7325546145439148,611.4737548828125,-15005.920347198617,2025-11-24 05:22:47
G6.txt,Gset,43,SpecAnn,0.803535494759617,1.0,-4098.0,-3582.0,0.0128297805786132,0,True,49,33,True,82,32,0.7321202158927917,610.4845581054688,-14972.76089705961,2025-11-24 05:22:47
G6.txt,Gset,43,SpecAnn,0.8084202540056837,1.0,-4096.0,-3565.9999999999995,0.0128448009490966,0,True,49,33,True,83,32,0.7316874265670776,609.5030517578125,-14939.851600752714,2025-11-24 05:22:47
G6.txt,Gset,43,SpecAnn,0.8132756745622272,1.0,-4096.0,-3565.9999999999995,0.0128633975982666,0,True,49,33,True,84,32,0.731256365776062,608.5294189453125,-14907.198880753223,2025-11-24 05:22:47
G6.txt,Gset,43,SpecAnn,0.8181022788030096,1.0,-4090.0,-3548.0,0.0129163265228271,0,True,49,33,True,85,32,0.7308269143104553,607.5632934570312,-14874.790834684243,2025-11-24 05:22:47
G6.txt,Gset,43,SpecAnn,0.822900573781978,1.0,-4090.0,-3548.0,0.0130965709686279,0,True,49,33,True,86,32,0.7303991913795471,606.6046142578125,-14842.62791132378,2025-11-24 05:22:47
G6.txt,Gset,43,SpecAnn,0.8276710518549868,1.0,-4090.0,-3548.0,0.013129711151123,0,True,49,33,True,87,32,0.7299729585647583,605.653076171875,-14810.697323880522,2025-11-24 05:22:47
G6.txt,Gset,43,SpecAnn,0.8324141912694495,1.0,-4090.0,-3548.0,0.0130627155303955,0,True,49,33,True,88,32,0.7295483350753784,604.7089233398438,-14779.007005631556,2025-11-24 05:22:47
G6.txt,Gset,43,SpecAnn,0.8371304567239225,1.0,-4090.0,-3548.0,0.0129263401031494,0,True,49,33,True,89,32,0.7291252613067627,603.7716674804688,-14747.543356514108,2025-11-24 05:22:47
G6.txt,Gset,43,SpecAnn,0.8418202998994706,1.0,-4090.0,-3548.0,0.0128307342529296,0,True,49,33,True,90,32,0.7287036776542664,602.8414916992188,-14716.309203467454,2025-11-24 05:22:47
G6.txt,Gset,43,SpecAnn,0.846484159964536,1.0,-4090.0,-3548.0,0.0128271579742431,0,True,49,33,True,91,32,0.7282835245132446,601.91796875,-14685.292481594952,2025-11-24 05:22:47
G6.txt,Gset,43,SpecAnn,0.8511224640549078,1.0,-4090.0,-3548.0,0.0128865242004394,0,True,49,33,True,92,32,0.7278648614883423,601.001220703125,-14654.496953757058,2025-11-24 05:22:47
G6.txt,Gset,43,SpecAnn,0.8557356277302758,1.0,-4096.0,-3545.9999999999995,0.0128662586212158,0,True,49,33,True,93,32,0.7274476289749146,600.0910034179688,-14623.915049786889,2025-11-24 05:22:47
G6.txt,Gset,43,SpecAnn,0.8603240554087516,1.0,-4088.0,-3546.0,0.0129613876342773,0,True,49,33,True,94,32,0.7270317673683167,599.1871948242188,-14593.542195456774,2025-11-24 05:22:47
G6.txt,Gset,43,SpecAnn,0.86488814078064,1.0,-4088.0,-3546.0,0.0128676891326904,0,True,49,33,True,95,32,0.7266173362731934,598.2899169921875,-14563.382164433104,2025-11-24 05:22:47
G6.txt,Gset,43,SpecAnn,0.8694282672026621,1.0,-4104.0,-3571.9999999999995,0.0128872394561767,0,True,49,33,True,96,32,0.7262042164802551,597.398681640625,-14533.42029116011,2025-11-24 05:22:47
G6.txt,Gset,43,SpecAnn,0.8739448080737451,1.0,-4122.0,-3582.0,0.0128576755523681,0,True,49,33,True,97,32,0.7257924675941467,596.5137939453125,-14503.664818460744,2025-11-24 05:22:47
G6.txt,Gset,43,SpecAnn,0.878438127193422,1.0,-4102.0,-3587.9999999999995,0.0127968788146972,0,True,49,33,True,98,32,0.7253819704055786,595.6348876953125,-14474.1040840375,2025-11-24 05:22:47
G6.txt,Gset,43,SpecAnn,0.8829085791038153,1.0,-4120.0,-3582.0,0.0129201412200927,0,True,49,33,True,99,32,0.7249728441238403,594.7619018554688,-14444.73862341623,2025-11-24 05:22:47
G6.txt,Gset,43,SpecAnn,0.8873565094161138,1.0,-4120.0,-3582.0,0.0128827095031738,0,True,49,33,True,100,32,0.7245649099349976,593.894775390625,-14415.563033799424,2025-11-24 05:22:47
G6.txt,Gset,43,SpecAnn,0.8917822551223932,1.0,-4090.0,-3580.0,0.012847900390625,0,True,49,33,True,101,32,0.7241582870483398,593.0335693359375,-14386.580820037923,2025-11-24 05:22:47
G6.txt,Gset,43,SpecAnn,0.8961861448935777,1.0,-4090.0,-3580.0,0.0128967761993408,0,True,49,33,True,102,32,0.7237528562545776,592.1779174804688,-14357.780382777124,2025-11-24 05:22:47
G6.txt,Gset,43,SpecAnn,0.9005684993642872,1.0,-4090.0,-3580.0,0.0129086971282958,0,True,49,33,True,103,32,0.7233486175537109,591.3279418945312,-14329.164351224725,2025-11-24 05:22:47
G6.txt,Gset,43,SpecAnn,0.9049296314052688,1.0,-4090.0,-3580.0,0.0129756927490234,0,True,49,33,True,104,32,0.7229455709457397,590.4835205078125,-14300.729436563626,2025-11-24 05:22:47
G6.txt,Gset,43,SpecAnn,0.9092698463840684,1.0,-4090.0,-3580.0,0.013106346130371,0,True,49,33,True,105,32,0.7225436568260193,589.6444702148438,-14272.46970316518,2025-11-24 05:22:47
G6.txt,Gset,43,SpecAnn,0.9135894424145556,1.0,-4144.0,-3580.0,0.0130763053894042,0,True,49,33,True,106,32,0.7221429347991943,588.810791015625,-14244.38601429286,2025-11-24 05:22:47
G6.txt,Gset,43,SpecAnn,0.9178887105958816,1.0,-4127.999999999999,-3571.9999999999995,0.0129933357238769,0,True,49,33,True,107,32,0.7217432856559753,587.982421875,-14216.47422991268,2025-11-24 05:22:47
G6.txt,Gset,43,SpecAnn,0.922167935241408,1.0,-4127.999999999999,-3571.9999999999995,0.0130691528320312,0,True,49,33,True,108,32,0.7213447690010071,587.1591796875,-14188.730795089768,2025-11-24 05:22:47
G6.txt,Gset,43,SpecAnn,0.92642739409812,1.0,-4099.999999999999,-3583.9999999999995,0.0129086971282958,0,True,49,33,True,109,32,0.7209474444389343,586.3411254882812,-14161.158055672531,2025-11-24 05:22:47
G6.txt,Gset,43,SpecAnn,0.9306673585570006,1.0,-4110.0,-3583.9999999999995,0.0128436088562011,0,True,49,33,True,110,32,0.7205511331558228,585.5281372070312,-14133.749252431338,2025-11-24 05:22:47
G6.txt,Gset,43,SpecAnn,0.9348880938548184,1.0,-4110.0,-3583.9999999999995,0.0130670070648193,0,True,49,33,True,111,32,0.7201558947563171,584.72021484375,-14106.505268347377,2025-11-24 05:22:47
G6.txt,Gset,43,SpecAnn,0.9390898592677528,1.0,-4114.0,-3580.0,0.0130631923675537,0,True,49,33,True,112,32,0.7197616100311279,583.9171142578125,-14079.417596478264,2025-11-24 05:22:47
G6.txt,Gset,43,SpecAnn,0.9432729082972536,1.0,-4119.999999999999,-3560.0000000000005,0.0130221843719482,0,True,49,33,True,113,32,0.7193685173988342,583.1188354492188,-14052.490626168716,2025-11-24 05:22:47
G6.txt,Gset,43,SpecAnn,0.9474374888485204,1.0,-4119.999999999999,-3560.0000000000005,0.0130035877227783,0,True,49,33,True,114,32,0.7189763784408569,582.325439453125,-14025.720890321609,2025-11-24 05:22:47
G6.txt,Gset,43,SpecAnn,0.9515838434019476,1.0,-4119.999999999999,-3560.0000000000005,0.0127797126770019,0,True,49,33,True,115,32,0.718585193157196,581.53662109375,-13999.100774087288,2025-11-24 05:22:47
G6.txt,Gset,43,SpecAnn,0.9557122091778746,1.0,-4112.0,-3553.9999999999995,0.0128588676452636,0,True,49,33,True,116,32,0.7181950211524963,580.7525634765625,-13972.635586948943,2025-11-24 05:22:47
G6.txt,Gset,43,SpecAnn,0.9598228182949629,1.0,-4112.0,-3553.9999999999995,0.0129368305206298,0,True,49,33,True,117,32,0.717805802822113,579.9730224609375,-13946.318033591811,2025-11-24 05:22:47
G6.txt,Gset,43,SpecAnn,0.963915897922488,1.0,-4112.0,-3553.9999999999995,0.0128893852233886,0,True,49,33,True,118,32,0.7174175381660461,579.1980590820312,-13920.14932951563,2025-11-24 05:22:47
G6.txt,Gset,43,SpecAnn,0.967991670426842,1.0,-4086.0,-3556.0,0.0129115581512451,0,True,49,33,True,119,32,0.7170302271842957,578.4275512695312,-13894.126289631002,2025-11-24 05:22:47
G6.txt,Gset,43,SpecAnn,0.9720503535125016,1.0,-4127.999999999999,-3552.0,0.0128586292266845,0,True,49,33,True,120,32,0.7166438102722168,577.6614990234375,-13868.24751320851,2025-11-24 05:22:47
G6.txt,Gset,43,SpecAnn,0.9760921603577252,1.0,-4127.999999999999,-3552.0,0.0129814147949218,0,True,49,33,True,121,32,0.7162584066390991,576.8997802734375,-13842.512133204807,2025-11-24 05:22:47
G6.txt,Gset,43,SpecAnn,0.9801172997452104,1.0,-4127.999999999999,-3552.0,0.0130038261413574,0,True,49,33,True,122,32,0.7158738374710083,576.1423950195312,-13816.916452954374,2025-11-24 05:22:47
G6.txt,Gset,43,SpecAnn,0.9841259761879442,1.0,-4127.999999999999,-3552.0,0.01308274269104,0,True,49,33,True,123,32,0.7154901623725891,575.3892211914062,-13791.458464472174,2025-11-24 05:22:47
G6.txt,Gset,43,SpecAnn,0.9881183900504562,1.0,-4127.999999999999,-3552.0,0.0129735469818115,0,True,49,33,True,124,32,0.7151073813438416,574.6402587890625,-13766.137937692696,2025-11-24 05:22:47
G6.txt,Gset,43,SpecAnn,0.9920947376656812,1.0,-4127.999999999999,-3552.0,0.0129170417785644,0,True,49,33,True,125,32,0.7147254943847656,573.8953857421875,-13740.951720540645,2025-11-24 05:22:47
G6.txt,Gset,43,SpecAnn,0.9960552114476228,1.0,-4114.0,-3547.999999999999,0.0128610134124755,0,True,49,33,True,126,32,0.7143443822860718,573.1546630859375,-13715.898760842938,2025-11-24 05:22:47
G6.txt,Gset,43,SpecAnn,1.0,1.0,-4114.0,-3547.999999999999,0.0127954483032226,0,True,49,33,True,127,32,0.7139641642570496,572.4179077148438,-13690.97674842781,2025-11-24 05:22:47
G6.txt,Gset,44,SpecAnn,0.0,1.0,-4123.999999999999,-3655.999999999999,0.025663137435913,0,True,48,65,True,0,32,0.7922236323356628,800.0,-21231.593346595764,2025-11-24 05:22:47
G6.txt,Gset,44,SpecAnn,0.0887356509416113,1.0,-4084.0,-3646.0,0.024684190750122,0,True,48,65,True,1,32,0.7865628600120544,776.031494140625,-20448.31797493771,2025-11-24 05:22:47
G6.txt,Gset,44,SpecAnn,0.1254911610276317,1.0,-4068.0,-3640.0,0.01289963722229,0,True,48,33,True,2,32,0.7841534614562988,766.3468017578125,-20131.272158690816,2025-11-24 05:22:47
G6.txt,Gset,44,SpecAnn,0.1536946558735679,1.0,-4082.0,-3644.0,0.0128636360168457,0,True,48,33,True,3,32,0.7822784185409546,759.009765625,-19890.858130193898,2025-11-24 05:22:47
G6.txt,Gset,44,SpecAnn,0.1774713018832227,1.0,-4112.0,-3646.0,0.0128331184387207,0,True,48,33,True,4,32,0.7806798815727234,752.8873291015625,-19690.093695840496,2025-11-24 05:22:47
G6.txt,Gset,44,SpecAnn,0.1984189475331362,1.0,-4090.0,-3650.0,0.0128641128540039,0,True,48,33,True,5,32,0.7792577743530273,747.5404663085938,-19514.645120484376,2025-11-24 05:22:47
G6.txt,Gset,44,SpecAnn,0.2173570668006655,1.0,-4096.0,-3658.0,0.0128223896026611,0,True,48,33,True,6,32,0.777961015701294,742.7443237304688,-19357.175304606822,2025-11-24 05:22:47
G6.txt,Gset,44,SpecAnn,0.2347724648169381,1.0,-4106.0,-3644.0,0.0129103660583496,0,True,48,33,True,7,32,0.776759147644043,738.3651123046875,-19213.31715201022,2025-11-24 05:22:47
G6.txt,Gset,44,SpecAnn,0.2509823220552634,1.0,-4096.0,-3638.0,0.0128681659698486,0,True,48,33,True,8,32,0.7756322622299194,734.3157348632812,-19080.22564987159,2025-11-24 05:22:47
G6.txt,Gset,44,SpecAnn,0.2662069528248341,1.0,-4096.0,-3638.0,0.0129163265228271,0,True,48,33,True,9,32,0.7745667695999146,730.535888671875,-18955.93558274013,2025-11-24 05:22:47
G6.txt,Gset,44,SpecAnn,0.2806067666331568,1.0,-4104.0,-3656.0,0.0129330158233642,0,True,48,33,True,10,32,0.7735524773597717,726.9813842773438,-18839.00140187288,2025-11-24 05:22:47
G6.txt,Gset,44,SpecAnn,0.2943028597012718,1.0,-4078.0,-3658.0,0.0128161907196044,0,True,48,33,True,11,32,0.772581934928894,723.619140625,-18728.34503982414,2025-11-24 05:22:47
G6.txt,Gset,44,SpecAnn,0.3073893117471359,1.0,-4078.0,-3658.0,0.0129258632659912,0,True,48,33,True,12,32,0.771649181842804,720.4234008789062,-18623.12328359872,2025-11-24 05:22:47
G6.txt,Gset,44,SpecAnn,0.3199409394316542,1.0,-4078.0,-3658.0,0.0128247737884521,0,True,48,33,True,13,32,0.7707496285438538,717.37353515625,-18522.66542258717,2025-11-24 05:22:47
G6.txt,Gset,44,SpecAnn,0.3320184038158743,1.0,-4083.999999999999,-3670.0,0.0128567218780517,0,True,48,33,True,14,32,0.7698794603347778,714.4529418945312,-18426.42861890193,2025-11-24 05:22:48
G6.txt,Gset,44,SpecAnn,0.3436716983117353,1.0,-4083.999999999999,-3670.0,0.012876272201538,0,True,48,33,True,15,32,0.7690355181694031,711.6478881835938,-18333.963831854955,2025-11-24 05:22:48
G6.txt,Gset,44,SpecAnn,0.3549426037664455,1.0,-4070.0,-3675.999999999999,0.0133278369903564,0,True,48,33,True,16,32,0.7682153582572937,708.9470825195312,-18244.90523893736,2025-11-24 05:22:48
G6.txt,Gset,44,SpecAnn,0.3658664615902029,1.0,-4060.0,-3668.0,0.0128898620605468,0,True,48,33,True,17,32,0.7674164175987244,706.3406372070312,-18158.922947228973,2025-11-24 05:22:48
G6.txt,Gset,44,SpecAnn,0.3764734830828951,1.0,-4060.0,-3668.0,0.0128743648529052,0,True,48,33,True,18,32,0.7666372060775757,703.8204956054688,-18075.761774092225,2025-11-24 05:22:48
G6.txt,Gset,44,SpecAnn,0.3867897351437838,1.0,-4060.0,-3668.0,0.0128209590911865,0,True,48,33,True,19,32,0.7658759951591492,701.3793334960938,-17995.181433350284,2025-11-24 05:22:48
G6.txt,Gset,44,SpecAnn,0.3968378950662725,1.0,-4088.0,-3658.000000000001,0.0128335952758789,0,True,48,33,True,20,32,0.7651312947273254,699.010986328125,-17916.978563428413,2025-11-24 05:22:48
G6.txt,Gset,44,SpecAnn,0.4066378372811136,1.0,-4085.999999999999,-3664.0,0.0128521919250488,0,True,48,33,True,21,32,0.7644018530845642,696.7100830078125,-17840.977030214726,2025-11-24 05:22:48
G6.txt,Gset,44,SpecAnn,0.4162070956347247,1.0,-4085.999999999999,-3664.0,0.0129272937774658,0,True,48,33,True,22,32,0.7636865377426147,694.4717407226562,-17767.017094291168,2025-11-24 05:22:48
G6.txt,Gset,44,SpecAnn,0.4255612320274539,1.0,-4088.0,-3664.0,0.012890338897705,0,True,48,33,True,23,32,0.762984573841095,692.2918090820312,-17694.9670260255,2025-11-24 05:22:48
G6.txt,Gset,44,SpecAnn,0.434714133601331,1.0,-4078.0,-3670.0,0.0129897594451904,0,True,48,33,True,24,32,0.7622949481010437,690.1663818359375,-17624.69659846082,2025-11-24 05:22:48
G6.txt,Gset,44,SpecAnn,0.4436782547080569,1.0,-4078.0,-3670.0,0.0130336284637451,0,True,48,33,True,25,32,0.7616168260574341,688.0921020507812,-17556.094513769985,2025-11-24 05:22:48
G6.txt,Gset,44,SpecAnn,0.4524648157026343,1.0,-4094.0,-3646.0,0.0129995346069335,0,True,48,33,True,26,32,0.7609496116638184,686.06591796875,-17489.063394112396,2025-11-24 05:22:48
G6.txt,Gset,44,SpecAnn,0.4610839676207039,1.0,-4088.0,-3646.0,0.0130038261413574,0,True,48,33,True,27,32,0.760292649269104,684.0850219726562,-17423.511258310285,2025-11-24 05:22:48
G6.txt,Gset,44,SpecAnn,0.4695449296338763,1.0,-4088.0,-3637.999999999999,0.0128154754638671,0,True,48,33,True,28,32,0.7596454620361328,682.14697265625,-17359.36004937021,2025-11-24 05:22:48
G6.txt,Gset,44,SpecAnn,0.4778561045889373,1.0,-4090.0,-3626.0,0.0129306316375732,0,True,48,33,True,29,32,0.759007453918457,680.2493896484375,-17296.530968432606,2025-11-24 05:22:48
G6.txt,Gset,44,SpecAnn,0.4860251767562508,1.0,-4090.0,-3626.0,0.0128769874572753,0,True,48,33,True,30,32,0.7583780288696289,678.39013671875,-17234.951852093684,2025-11-24 05:22:48
G6.txt,Gset,44,SpecAnn,0.4940591950252281,1.0,-4084.0,-3618.0,0.0128314495086669,0,True,48,33,True,31,32,0.7577569484710693,676.5674438476562,-17174.568336443197,2025-11-24 05:22:48
G6.txt,Gset,44,SpecAnn,0.5019646441105269,1.0,-4106.0,-3604.0,0.0128922462463378,0,True,48,33,True,32,32,0.7571436166763306,674.7794189453125,-17115.315145586726,2025-11-24 05:22:48
G6.txt,Gset,44,SpecAnn,0.5097475058154177,1.0,-4094.0,-3620.0,0.0129027366638183,0,True,48,33,True,33,32,0.7565377950668335,673.0243530273438,-17057.140062197224,2025-11-24 05:22:48
G6.txt,Gset,44,SpecAnn,0.51741331199832,1.0,-4086.0,-3618.0,0.0128390789031982,0,True,48,33,True,34,32,0.7559391260147095,671.3009643554688,-16999.999253638107,2025-11-24 05:22:48
G6.txt,Gset,44,SpecAnn,0.5249671905758515,1.0,-4086.0,-3618.0,0.0129432678222656,0,True,48,33,True,35,32,0.7553472518920898,669.6077270507812,-16943.842941862793,2025-11-24 05:22:48
G6.txt,Gset,44,SpecAnn,0.5324139056496683,1.0,-4086.0,-3612.0,0.0128734111785888,0,True,48,33,True,36,32,0.7547619342803955,667.9432983398438,-16888.62889079436,2025-11-24 05:22:48
G6.txt,Gset,44,SpecAnn,0.5397578926492556,1.0,-4088.0,-3590.0,0.0128448009490966,0,True,48,33,True,37,32,0.7541828155517578,666.3064575195312,-16834.315485105326,2025-11-24 05:22:48
G6.txt,Gset,44,SpecAnn,0.5470032892270364,1.0,-4094.0,-3604.0,0.0129532814025878,0,True,48,33,True,38,32,0.7536096572875977,664.6963500976562,-16780.873218013294,2025-11-24 05:22:48
G6.txt,Gset,44,SpecAnn,0.554153962516942,1.0,-4094.0,-3604.0,0.0128424167633056,0,True,48,33,True,39,32,0.7530422806739807,663.111572265625,-16728.260199127217,2025-11-24 05:22:48
G6.txt,Gset,44,SpecAnn,0.5612135332663137,1.0,-4094.0,-3604.0,0.0129358768463134,0,True,48,33,True,40,32,0.7524803876876831,661.5512084960938,-16676.444379787263,2025-11-24 05:22:48
G6.txt,Gset,44,SpecAnn,0.5681853972686127,1.0,-4094.0,-3604.0,0.0128257274627685,0,True,48,33,True,41,32,0.7519237995147705,660.0144653320312,-16625.39958099022,2025-11-24 05:22:48
G6.txt,Gset,44,SpecAnn,0.5750727444570146,1.0,-4094.0,-3604.0,0.0129487514495849,0,True,48,33,True,42,32,0.7513723373413086,658.5004272460938,-16575.09667286495,2025-11-24 05:22:48
G6.txt,Gset,44,SpecAnn,0.5818785759635375,1.0,-4094.0,-3601.9999999999995,0.0131139755249023,0,True,48,33,True,43,32,0.7508257627487183,657.0082397460938,-16525.506876775045,2025-11-24 05:22:48
G6.txt,Gset,44,SpecAnn,0.5886057194025436,1.0,-4094.0,-3601.9999999999995,0.0130612850189208,0,True,48,33,True,44,32,0.7502840161323547,655.537109375,-16476.607007379935,2025-11-24 05:22:48
G6.txt,Gset,44,SpecAnn,0.5952568425994088,1.0,-4094.0,-3596.0,0.0130605697631835,0,True,48,33,True,45,32,0.7497467994689941,654.08642578125,-16428.3733442378,2025-11-24 05:22:48
G6.txt,Gset,44,SpecAnn,0.6018344659534288,1.0,-4094.0,-3596.0,0.0130107402801513,0,True,48,33,True,46,32,0.7492139935493469,652.6553955078125,-16380.78160187788,2025-11-24 05:22:48
G6.txt,Gset,44,SpecAnn,0.6083409735974393,1.0,-4094.0,-3596.0,0.0128285884857177,0,True,48,33,True,47,32,0.7486854195594788,651.2433471679688,-16333.809353427294,2025-11-24 05:22:48
G6.txt,Gset,44,SpecAnn,0.6147786234942719,1.0,-4088.0,-3590.0,0.0128664970397949,0,True,48,33,True,48,32,0.7481610178947449,649.849853515625,-16287.442984147528,2025-11-24 05:22:48
G6.txt,Gset,44,SpecAnn,0.6211495565912796,1.0,-4088.0,-3590.0,0.0129683017730712,0,True,48,33,True,49,32,0.7476406693458557,648.4740600585938,-16241.65694057366,2025-11-24 05:22:48
G6.txt,Gset,44,SpecAnn,0.6274558051381586,1.0,-4094.0,-3583.9999999999995,0.0129361152648925,0,True,48,33,True,50,32,0.7471242547035217,647.1156616210938,-16196.439514253809,2025-11-24 05:22:48
G6.txt,Gset,44,SpecAnn,0.6336993002596786,1.0,-4134.0,-3585.9999999999995,0.0129907131195068,0,True,48,33,True,51,32,0.746611475944519,645.7739868164062,-16151.76602568971,2025-11-24 05:22:48
G6.txt,Gset,44,SpecAnn,0.6398818788633085,1.0,-4102.000000000001,-3597.9999999999995,0.0129199028015136,0,True,48,33,True,52,32,0.7461023926734924,644.4486083984375,-16107.625730819422,2025-11-24 05:22:48
G6.txt,Gset,44,SpecAnn,0.6460052899517691,1.0,-4096.0,-3601.9999999999995,0.0128488540649414,0,True,48,33,True,53,32,0.7455967664718628,643.138916015625,-16063.99692181121,2025-11-24 05:22:48
G6.txt,Gset,44,SpecAnn,0.6520712004019966,1.0,-4096.0,-3601.9999999999995,0.0128610134124755,0,True,48,33,True,54,32,0.7450946569442749,641.8446044921875,-16020.872010753948,2025-11-24 05:22:48
G6.txt,Gset,44,SpecAnn,0.6580812002646271,1.0,-4096.0,-3601.9999999999995,0.0129017829895019,0,True,48,33,True,55,32,0.7445958256721497,640.5652465820312,-15978.233990633662,2025-11-24 05:22:48
G6.txt,Gset,44,SpecAnn,0.6640368076317485,1.0,-4138.0,-3600.0,0.0128870010375976,0,True,48,33,True,56,32,0.7441002726554871,639.3003540039062,-15936.069518722376,2025-11-24 05:22:48
G6.txt,Gset,44,SpecAnn,0.6699394731151429,1.0,-4106.0,-3600.0,0.0128636360168457,0,True,48,33,True,57,32,0.7436078786849976,638.049560546875,-15894.365787174249,2025-11-24 05:22:48
G6.txt,Gset,44,SpecAnn,0.6757905839724513,1.0,-4117.999999999999,-3581.9999999999995,0.0129220485687255,0,True,48,33,True,58,32,0.7431184649467468,636.8125,-15853.108769873155,2025-11-24 05:22:48
G6.txt,Gset,44,SpecAnn,0.6815914679145113,1.0,-4117.999999999999,-3581.9999999999995,0.0128524303436279,0,True,48,33,True,59,32,0.7426320910453796,635.5887451171875,-15812.288060848074,2025-11-24 05:22:48
G6.txt,Gset,44,SpecAnn,0.6873433966234707,1.0,-4117.999999999999,-3581.9999999999995,0.0128629207611083,0,True,48,33,True,60,32,0.7421486377716064,634.378173828125,-15771.897067542508,2025-11-24 05:22:48
G6.txt,Gset,44,SpecAnn,0.6930475890080863,1.0,-4106.0,-3575.9999999999995,0.0128943920135498,0,True,48,33,True,61,32,0.7416679859161377,633.1800537109375,-15731.914067795107,2025-11-24 05:22:48
G6.txt,Gset,44,SpecAnn,0.6987052142198116,1.0,-4118.0,-3580.0,0.0129714012145996,0,True,48,33,True,62,32,0.7411900758743286,631.9944458007812,-15692.338376380383,2025-11-24 05:22:48
G6.txt,Gset,44,SpecAnn,0.7043173944508145,1.0,-4092.0,-3590.0,0.0129821300506591,0,True,48,33,True,63,32,0.7407148480415344,630.82080078125,-15653.154175336109,2025-11-24 05:22:48
G6.txt,Gset,44,SpecAnn,0.709885207532891,1.0,-4092.0,-3590.0,0.0130670070648193,0,True,48,33,True,64,32,0.7402422428131104,629.6590576171875,-15614.357806107568,2025-11-24 05:22:48
G6.txt,Gset,44,SpecAnn,0.7154096893543218,1.0,-4092.0,-3590.0,0.0129768848419189,0,True,48,33,True,65,32,0.7397722005844116,628.5087280273438,-15575.935041446468,2025-11-24 05:22:48
G6.txt,Gset,44,SpecAnn,0.7208918361100219,1.0,-4096.0,-3584.0,0.0129737854003906,0,True,48,33,True,66,32,0.7393046617507935,627.36962890625,-15537.879258257077,2025-11-24 05:22:48
G6.txt,Gset,44,SpecAnn,0.7263326063988248,1.0,-4096.0,-3584.0,0.0128955841064453,0,True,48,33,True,67,32,0.7388395071029663,626.2415771484375,-15500.18260928915,2025-11-24 05:22:48
G6.txt,Gset,44,SpecAnn,0.7317329231804058,1.0,-4092.0,-3582.0,0.0129060745239257,0,True,48,33,True,68,32,0.738376796245575,625.1240234375,-15462.831968344486,2025-11-24 05:22:48
G6.txt,Gset,44,SpecAnn,0.7370936756031579,1.0,-4092.0,-3582.0,0.0130419731140136,0,True,48,33,True,69,32,0.7379164099693298,624.0171508789062,-15425.828607151048,2025-11-24 05:22:48
G6.txt,Gset,44,SpecAnn,0.7424157207132704,1.0,-4092.0,-3582.0,0.0131468772888183,0,True,48,33,True,70,32,0.7374582290649414,622.92041015625,-15389.155714494877,2025-11-24 05:22:48
G6.txt,Gset,44,SpecAnn,0.7476998850543153,1.0,-4102.0,-3588.0,0.0131387710571289,0,True,48,33,True,71,32,0.7370022535324097,621.833740234375,-15352.811073819918,2025-11-24 05:22:48
G6.txt,Gset,44,SpecAnn,0.7529469661657903,1.0,-4102.0,-3588.0,0.0130047798156738,0,True,48,33,True,72,32,0.7365484833717346,620.7568969726562,-15316.787958759762,2025-11-24 05:22:48
G6.txt,Gset,44,SpecAnn,0.7581577339883167,1.0,-4096.0,-3593.9999999999995,0.0128655433654785,0,True,48,33,True,73,32,0.7360968589782715,619.6895751953125,-15281.076919735438,2025-11-24 05:22:48
G6.txt,Gset,44,SpecAnn,0.7633329321824984,1.0,-4096.0,-3593.9999999999995,0.0129563808441162,0,True,48,33,True,74,32,0.7356472611427307,618.6317138671875,-15245.673319741403,2025-11-24 05:22:48
G6.txt,Gset,44,SpecAnn,0.7684732793678399,1.0,-4116.0,-3582.0000000000005,0.0129284858703613,0,True,48,33,True,75,32,0.7351996898651123,617.5830078125,-15210.568999625391,2025-11-24 05:22:48
G6.txt,Gset,44,SpecAnn,0.7735794702875677,1.0,-4116.0,-3582.0000000000005,0.0129003524780273,0,True,48,33,True,76,32,0.7347541451454163,616.5432739257812,-15175.758826979536,2025-11-24 05:22:48
G6.txt,Gset,44,SpecAnn,0.7786521769046981,1.0,-4116.0,-3582.0000000000005,0.0129539966583251,0,True,48,33,True,77,32,0.7343104481697083,615.5123901367188,-15141.235498352626,2025-11-24 05:22:48
G6.txt,Gset,44,SpecAnn,0.7836920494342511,1.0,-4082.0,-3582.0,0.0128774642944335,0,True,48,33,True,78,32,0.7338687777519226,614.490234375,-15106.99910758267,2025-11-24 05:22:48
G6.txt,Gset,44,SpecAnn,0.788699717316095,1.0,-4082.0,-3582.0,0.0128796100616455,0,True,48,33,True,79,32,0.733428955078125,613.4764404296875,-15073.036386424676,2025-11-24 05:22:48
G6.txt,Gset,44,SpecAnn,0.7936757901325451,1.0,-4082.0,-3582.0,0.0129101276397705,0,True,48,33,True,80,32,0.7329909205436707,612.4710693359375,-15039.347052783658,2025-11-24 05:22:48
G6.txt,Gset,44,SpecAnn,0.7986208584745024,1.0,-4082.0,-3582.0,0.0128443241119384,0,True,48,33,True,81,32,0.7325546145439148,611.4737548828125,-15005.920347198617,2025-11-24 05:22:48
G6.txt,Gset,44,SpecAnn,0.803535494759617,1.0,-4082.0,-3582.0,0.0128884315490722,0,True,48,33,True,82,32,0.732120156288147,610.4845581054688,-14972.75967807115,2025-11-24 05:22:48
G6.txt,Gset,44,SpecAnn,0.8084202540056837,1.0,-4078.0,-3565.9999999999995,0.0129017829895019,0,True,48,33,True,83,32,0.7316874265670776,609.5030517578125,-14939.851600752714,2025-11-24 05:22:48
G6.txt,Gset,44,SpecAnn,0.8132756745622272,1.0,-4078.0,-3565.9999999999995,0.0128681659698486,0,True,48,33,True,84,32,0.731256365776062,608.5294189453125,-14907.198880753223,2025-11-24 05:22:48
G6.txt,Gset,44,SpecAnn,0.8181022788030096,1.0,-4082.0,-3548.0,0.0128891468048095,0,True,48,33,True,85,32,0.7308269143104553,607.5632934570312,-14874.790834684243,2025-11-24 05:22:48
G6.txt,Gset,44,SpecAnn,0.822900573781978,1.0,-4082.0,-3548.0,0.0129892826080322,0,True,48,33,True,86,32,0.7303991317749023,606.6046142578125,-14842.62670008262,2025-11-24 05:22:48
G6.txt,Gset,44,SpecAnn,0.8276710518549868,1.0,-4082.0,-3548.0,0.0129458904266357,0,True,48,33,True,87,32,0.7299729585647583,605.653076171875,-14810.697323880522,2025-11-24 05:22:48
G6.txt,Gset,44,SpecAnn,0.8324141912694495,1.0,-4082.0,-3548.0,0.0128238201141357,0,True,48,33,True,88,32,0.7295482754707336,604.7089233398438,-14779.005798175627,2025-11-24 05:22:48
G6.txt,Gset,44,SpecAnn,0.8371304567239225,1.0,-4082.0,-3548.0,0.0129268169403076,0,True,48,33,True,89,32,0.7291252613067627,603.7716674804688,-14747.543356514108,2025-11-24 05:22:48
G6.txt,Gset,44,SpecAnn,0.8418202998994706,1.0,-4082.0,-3548.0,0.0128803253173828,0,True,48,33,True,90,32,0.7287036180496216,602.8414916992188,-14716.30799974033,2025-11-24 05:22:48
G6.txt,Gset,44,SpecAnn,0.846484159964536,1.0,-4082.0,-3548.0,0.0128610134124755,0,True,48,33,True,91,32,0.7282835245132446,601.91796875,-14685.292481594952,2025-11-24 05:22:49
G6.txt,Gset,44,SpecAnn,0.8511224640549078,1.0,-4082.0,-3548.0,0.0129339694976806,0,True,48,33,True,92,32,0.7278648614883423,601.001220703125,-14654.496953757058,2025-11-24 05:22:49
G6.txt,Gset,44,SpecAnn,0.8557356277302758,1.0,-4097.999999999999,-3545.9999999999995,0.0129294395446777,0,True,48,33,True,93,32,0.7274476289749146,600.0910034179688,-14623.915049786889,2025-11-24 05:22:49
G6.txt,Gset,44,SpecAnn,0.8603240554087516,1.0,-4110.0,-3546.0,0.0129308700561523,0,True,48,33,True,94,32,0.7270317673683167,599.1871948242188,-14593.542195456774,2025-11-24 05:22:49
G6.txt,Gset,44,SpecAnn,0.86488814078064,1.0,-4110.0,-3546.0,0.0129103660583496,0,True,48,33,True,95,32,0.7266173362731934,598.2899169921875,-14563.382164433104,2025-11-24 05:22:49
G6.txt,Gset,44,SpecAnn,0.8694282672026621,1.0,-4108.0,-3571.9999999999995,0.0128960609436035,0,True,48,33,True,96,32,0.7262042164802551,597.398681640625,-14533.42029116011,2025-11-24 05:22:49
G6.txt,Gset,44,SpecAnn,0.8739448080737451,1.0,-4113.999999999999,-3582.0,0.0128073692321777,0,True,48,33,True,97,32,0.7257924675941467,596.5137939453125,-14503.664818460744,2025-11-24 05:22:49
G6.txt,Gset,44,SpecAnn,0.878438127193422,1.0,-4102.0,-3587.9999999999995,0.0129399299621582,0,True,48,33,True,98,32,0.7253819704055786,595.6348876953125,-14474.1040840375,2025-11-24 05:22:49
G6.txt,Gset,44,SpecAnn,0.8829085791038153,1.0,-4099.999999999999,-3582.0,0.0128769874572753,0,True,48,33,True,99,32,0.7249727845191956,594.7619018554688,-14444.737435822071,2025-11-24 05:22:49
G6.txt,Gset,44,SpecAnn,0.8873565094161138,1.0,-4099.999999999999,-3582.0,0.0128707885742187,0,True,48,33,True,100,32,0.7245649099349976,593.894775390625,-14415.563033799424,2025-11-24 05:22:49
G6.txt,Gset,44,SpecAnn,0.8917822551223932,1.0,-4125.999999999999,-3580.0,0.0128581523895263,0,True,48,33,True,101,32,0.7241582870483398,593.0335693359375,-14386.580820037923,2025-11-24 05:22:49
G6.txt,Gset,44,SpecAnn,0.8961861448935777,1.0,-4125.999999999999,-3580.0,0.0129966735839843,0,True,48,33,True,102,32,0.7237528562545776,592.1779174804688,-14357.780382777124,2025-11-24 05:22:49
G6.txt,Gset,44,SpecAnn,0.9005684993642872,1.0,-4125.999999999999,-3580.0,0.0131421089172363,0,True,48,33,True,103,32,0.7233486175537109,591.3279418945312,-14329.164351224725,2025-11-24 05:22:49
G6.txt,Gset,44,SpecAnn,0.9049296314052688,1.0,-4125.999999999999,-3580.0,0.0131013393402099,0,True,48,33,True,104,32,0.7229455709457397,590.4835205078125,-14300.729436563626,2025-11-24 05:22:49
G6.txt,Gset,44,SpecAnn,0.9092698463840684,1.0,-4125.999999999999,-3580.0,0.0130672454833984,0,True,48,33,True,105,32,0.7225436568260193,589.6444702148438,-14272.46970316518,2025-11-24 05:22:49
G6.txt,Gset,44,SpecAnn,0.9135894424145556,1.0,-4113.999999999999,-3580.0,0.0128467082977294,0,True,48,33,True,106,32,0.7221429347991943,588.810791015625,-14244.38601429286,2025-11-24 05:22:49
G6.txt,Gset,44,SpecAnn,0.9178887105958816,1.0,-4110.0,-3571.9999999999995,0.0128545761108398,0,True,48,33,True,107,32,0.7217433452606201,587.982421875,-14216.475403969876,2025-11-24 05:22:49
G6.txt,Gset,44,SpecAnn,0.922167935241408,1.0,-4110.0,-3571.9999999999995,0.0129220485687255,0,True,48,33,True,108,32,0.7213448286056519,587.1591796875,-14188.731967503149,2025-11-24 05:22:49
G6.txt,Gset,44,SpecAnn,0.92642739409812,1.0,-4101.999999999999,-3583.9999999999995,0.0129053592681884,0,True,48,33,True,109,32,0.7209474444389343,586.3411254882812,-14161.158055672531,2025-11-24 05:22:49
G6.txt,Gset,44,SpecAnn,0.9306673585570006,1.0,-4130.0,-3583.9999999999995,0.0128891468048095,0,True,48,33,True,110,32,0.7205511331558228,585.5281372070312,-14133.749252431338,2025-11-24 05:22:49
G6.txt,Gset,44,SpecAnn,0.9348880938548184,1.0,-4130.0,-3583.9999999999995,0.0130615234375,0,True,48,33,True,111,32,0.7201558947563171,584.72021484375,-14106.505268347377,2025-11-24 05:22:49
G6.txt,Gset,44,SpecAnn,0.9390898592677528,1.0,-4078.0,-3580.0,0.0131299495697021,0,True,48,33,True,112,32,0.7197616696357727,583.9171142578125,-14079.41876241803,2025-11-24 05:22:49
G6.txt,Gset,44,SpecAnn,0.9432729082972536,1.0,-4125.999999999999,-3560.0000000000005,0.0129578113555908,0,True,48,33,True,113,32,0.7193685173988342,583.1188354492188,-14052.490626168716,2025-11-24 05:22:49
G6.txt,Gset,44,SpecAnn,0.9474374888485204,1.0,-4125.999999999999,-3560.0000000000005,0.012862205505371,0,True,48,33,True,114,32,0.7189763784408569,582.325439453125,-14025.720890321609,2025-11-24 05:22:49
G6.txt,Gset,44,SpecAnn,0.9515838434019476,1.0,-4125.999999999999,-3560.0000000000005,0.0128016471862792,0,True,48,33,True,115,32,0.7185851335525513,581.53662109375,-13999.099612900784,2025-11-24 05:22:49
G6.txt,Gset,44,SpecAnn,0.9557122091778746,1.0,-4113.999999999999,-3553.9999999999995,0.0128922462463378,0,True,48,33,True,116,32,0.7181949615478516,580.7525634765625,-13972.634427328012,2025-11-24 05:22:49
G6.txt,Gset,44,SpecAnn,0.9598228182949629,1.0,-4113.999999999999,-3553.9999999999995,0.012925386428833,0,True,48,33,True,117,32,0.717805802822113,579.9730224609375,-13946.318033591811,2025-11-24 05:22:49
G6.txt,Gset,44,SpecAnn,0.963915897922488,1.0,-4113.999999999999,-3553.9999999999995,0.0129876136779785,0,True,48,33,True,118,32,0.7174175381660461,579.1980590820312,-13920.14932951563,2025-11-24 05:22:49
G6.txt,Gset,44,SpecAnn,0.967991670426842,1.0,-4087.999999999999,-3556.0,0.0129382610321044,0,True,48,33,True,119,32,0.7170302271842957,578.4275512695312,-13894.126289631002,2025-11-24 05:22:49
G6.txt,Gset,44,SpecAnn,0.9720503535125016,1.0,-4100.0,-3552.0,0.0128874778747558,0,True,48,33,True,120,32,0.7166438698768616,577.6614990234375,-13868.248666657342,2025-11-24 05:22:49
G6.txt,Gset,44,SpecAnn,0.9760921603577252,1.0,-4100.0,-3552.0,0.0131418704986572,0,True,48,33,True,121,32,0.7162584066390991,576.8997802734375,-13842.512133204807,2025-11-24 05:22:49
G6.txt,Gset,44,SpecAnn,0.9801172997452104,1.0,-4100.0,-3552.0,0.0130605697631835,0,True,48,33,True,122,32,0.7158738374710083,576.1423950195312,-13816.916452954374,2025-11-24 05:22:49
G6.txt,Gset,44,SpecAnn,0.9841259761879442,1.0,-4100.0,-3552.0,0.0130560398101806,0,True,48,33,True,123,32,0.7154901623725891,575.3892211914062,-13791.458464472174,2025-11-24 05:22:49
G6.txt,Gset,44,SpecAnn,0.9881183900504562,1.0,-4100.0,-3552.0,0.0128991603851318,0,True,48,33,True,124,32,0.7151073813438416,574.6402587890625,-13766.137937692696,2025-11-24 05:22:49
G6.txt,Gset,44,SpecAnn,0.9920947376656812,1.0,-4100.0,-3552.0,0.0128943920135498,0,True,48,33,True,125,32,0.7147254943847656,573.8953857421875,-13740.951720540645,2025-11-24 05:22:49
G6.txt,Gset,44,SpecAnn,0.9960552114476228,1.0,-4066.0,-3547.999999999999,0.012923240661621,0,True,48,33,True,126,32,0.7143443822860718,573.1546630859375,-13715.898760842938,2025-11-24 05:22:49
G6.txt,Gset,44,SpecAnn,1.0,1.0,-4066.0,-3547.999999999999,0.0130929946899414,0,True,48,33,True,127,32,0.7139641642570496,572.4179077148438,-13690.97674842781,2025-11-24 05:22:49
G6.txt,Gset,45,SpecAnn,0.0,1.0,-4108.0,-3655.999999999999,0.0257298946380615,0,True,46,65,True,0,32,0.7922235727310181,800.0,-21231.591749191284,2025-11-24 05:22:49
G6.txt,Gset,45,SpecAnn,0.0887356509416113,1.0,-4098.0,-3646.0,0.0251252651214599,0,True,46,65,True,1,32,0.7865626811981201,776.031494140625,-20448.313326302014,2025-11-24 05:22:49
G6.txt,Gset,45,SpecAnn,0.1254911610276317,1.0,-4064.0,-3640.0,0.0129194259643554,0,True,46,33,True,2,32,0.7841535210609436,766.3468017578125,-20131.273688898083,2025-11-24 05:22:49
G6.txt,Gset,45,SpecAnn,0.1536946558735679,1.0,-4082.0,-3644.0,0.0129566192626953,0,True,46,33,True,3,32,0.7822784185409546,759.009765625,-19890.858130193898,2025-11-24 05:22:49
G6.txt,Gset,45,SpecAnn,0.1774713018832227,1.0,-4072.000000000001,-3646.0,0.0129172801971435,0,True,46,33,True,4,32,0.7806798815727234,752.8873291015625,-19690.093695840496,2025-11-24 05:22:49
G6.txt,Gset,45,SpecAnn,0.1984189475331362,1.0,-4106.0,-3650.0,0.0128731727600097,0,True,46,33,True,5,32,0.7792577743530273,747.5404663085938,-19514.645120484376,2025-11-24 05:22:49
G6.txt,Gset,45,SpecAnn,0.2173570668006655,1.0,-4094.0,-3658.0,0.0129687786102294,0,True,46,33,True,6,32,0.777961015701294,742.7443237304688,-19357.175304606822,2025-11-24 05:22:49
G6.txt,Gset,45,SpecAnn,0.2347724648169381,1.0,-4074.0,-3644.0,0.0131645202636718,0,True,46,33,True,7,32,0.7767590880393982,738.3651123046875,-19213.315677675542,2025-11-24 05:22:49
G6.txt,Gset,45,SpecAnn,0.2509823220552634,1.0,-4106.0,-3638.0,0.0131194591522216,0,True,46,33,True,8,32,0.7756322622299194,734.3157348632812,-19080.22564987159,2025-11-24 05:22:49
G6.txt,Gset,45,SpecAnn,0.2662069528248341,1.0,-4106.0,-3638.0,0.0130622386932373,0,True,46,33,True,9,32,0.7745667695999146,730.535888671875,-18955.93558274013,2025-11-24 05:22:49
G6.txt,Gset,45,SpecAnn,0.2806067666331568,1.0,-4072.0,-3656.0,0.0129251480102539,0,True,46,33,True,10,32,0.7735525369644165,726.9813842773438,-18839.002853477028,2025-11-24 05:22:49
G6.txt,Gset,45,SpecAnn,0.2943028597012718,1.0,-4062.0,-3658.0,0.0129501819610595,0,True,46,33,True,11,32,0.772581934928894,723.619140625,-18728.34503982414,2025-11-24 05:22:49
G6.txt,Gset,45,SpecAnn,0.3073893117471359,1.0,-4062.0,-3658.0,0.0129215717315673,0,True,46,33,True,12,32,0.771649181842804,720.4234008789062,-18623.12328359872,2025-11-24 05:22:49
G6.txt,Gset,45,SpecAnn,0.3199409394316542,1.0,-4062.0,-3658.0,0.0129320621490478,0,True,46,33,True,13,32,0.7707496285438538,717.37353515625,-18522.66542258717,2025-11-24 05:22:49
G6.txt,Gset,45,SpecAnn,0.3320184038158743,1.0,-4109.999999999999,-3670.0,0.0129358768463134,0,True,46,33,True,14,32,0.7698794603347778,714.4529418945312,-18426.42861890193,2025-11-24 05:22:49
G6.txt,Gset,45,SpecAnn,0.3436716983117353,1.0,-4109.999999999999,-3670.0,0.0129206180572509,0,True,46,33,True,15,32,0.7690355181694031,711.6478881835938,-18333.963831854955,2025-11-24 05:22:49
G6.txt,Gset,45,SpecAnn,0.3549426037664455,1.0,-4072.0,-3675.999999999999,0.0129573345184326,0,True,46,33,True,16,32,0.7682152986526489,708.9470825195312,-18244.903823343306,2025-11-24 05:22:49
G6.txt,Gset,45,SpecAnn,0.3658664615902029,1.0,-4068.0,-3668.0,0.012866735458374,0,True,46,33,True,17,32,0.7674164772033691,706.3406372070312,-18158.9243576186,2025-11-24 05:22:49
G6.txt,Gset,45,SpecAnn,0.3764734830828951,1.0,-4068.0,-3668.0,0.0128500461578369,0,True,46,33,True,18,32,0.7666372656822205,703.8204956054688,-18075.763179449743,2025-11-24 05:22:49
G6.txt,Gset,45,SpecAnn,0.3867897351437838,1.0,-4068.0,-3668.0,0.0129213333129882,0,True,46,33,True,19,32,0.7658759951591492,701.3793334960938,-17995.181433350284,2025-11-24 05:22:49
G6.txt,Gset,45,SpecAnn,0.3968378950662725,1.0,-4058.0,-3658.000000000001,0.0128891468048095,0,True,46,33,True,20,32,0.7651312947273254,699.010986328125,-17916.978563428413,2025-11-24 05:22:49
G6.txt,Gset,45,SpecAnn,0.4066378372811136,1.0,-4076.0,-3664.0,0.013132095336914,0,True,46,33,True,21,32,0.7644018530845642,696.7100830078125,-17840.977030214726,2025-11-24 05:22:49
G6.txt,Gset,45,SpecAnn,0.4162070956347247,1.0,-4076.0,-3664.0,0.0131618976593017,0,True,46,33,True,22,32,0.7636865377426147,694.4717407226562,-17767.017094291168,2025-11-24 05:22:49
G6.txt,Gset,45,SpecAnn,0.4255612320274539,1.0,-4118.0,-3664.0,0.0131101608276367,0,True,46,33,True,23,32,0.7629845142364502,692.2918090820312,-17694.965643687952,2025-11-24 05:22:49
G6.txt,Gset,45,SpecAnn,0.434714133601331,1.0,-4087.999999999999,-3670.0,0.0130927562713623,0,True,46,33,True,24,32,0.7622949481010437,690.1663818359375,-17624.69659846082,2025-11-24 05:22:49
G6.txt,Gset,45,SpecAnn,0.4436782547080569,1.0,-4087.999999999999,-3670.0,0.0130727291107177,0,True,46,33,True,25,32,0.7616167664527893,688.0921020507812,-17556.09313981823,2025-11-24 05:22:49
G6.txt,Gset,45,SpecAnn,0.4524648157026343,1.0,-4087.999999999999,-3646.0,0.0130922794342041,0,True,46,33,True,26,32,0.7609496116638184,686.06591796875,-17489.063394112396,2025-11-24 05:22:49
G6.txt,Gset,45,SpecAnn,0.4610839676207039,1.0,-4087.999999999999,-3646.0,0.0131022930145263,0,True,46,33,True,27,32,0.7602927088737488,684.0850219726562,-17423.512624260882,2025-11-24 05:22:49
G6.txt,Gset,45,SpecAnn,0.4695449296338763,1.0,-4087.999999999999,-3637.999999999999,0.0131239891052246,0,True,46,33,True,28,32,0.7596454620361328,682.14697265625,-17359.36004937021,2025-11-24 05:22:49
G6.txt,Gset,45,SpecAnn,0.4778561045889373,1.0,-4090.0,-3626.0,0.0131349563598632,0,True,46,33,True,29,32,0.759007453918457,680.2493896484375,-17296.530968432606,2025-11-24 05:22:50
G6.txt,Gset,45,SpecAnn,0.4860251767562508,1.0,-4090.0,-3626.0,0.0129332542419433,0,True,46,33,True,30,32,0.7583780288696289,678.39013671875,-17234.951852093684,2025-11-24 05:22:50
G6.txt,Gset,45,SpecAnn,0.4940591950252281,1.0,-4090.0,-3618.0,0.0128860473632812,0,True,46,33,True,31,32,0.7577569484710693,676.5674438476562,-17174.568336443197,2025-11-24 05:22:50
G6.txt,Gset,45,SpecAnn,0.5019646441105269,1.0,-4086.000000000001,-3604.0,0.012948989868164,0,True,46,33,True,32,32,0.7571436166763306,674.7794189453125,-17115.315145586726,2025-11-24 05:22:50
G6.txt,Gset,45,SpecAnn,0.5097475058154177,1.0,-4070.0,-3620.0,0.0129675865173339,0,True,46,33,True,33,32,0.7565377950668335,673.0243530273438,-17057.140062197224,2025-11-24 05:22:50
G6.txt,Gset,45,SpecAnn,0.51741331199832,1.0,-4082.0,-3618.0,0.0129175186157226,0,True,46,33,True,34,32,0.7559391260147095,671.3009643554688,-16999.999253638107,2025-11-24 05:22:50
G6.txt,Gset,45,SpecAnn,0.5249671905758515,1.0,-4082.0,-3618.0,0.0130019187927246,0,True,46,33,True,35,32,0.7553472518920898,669.6077270507812,-16943.842941862793,2025-11-24 05:22:50
G6.txt,Gset,45,SpecAnn,0.5324139056496683,1.0,-4086.0,-3612.0,0.0129189491271972,0,True,46,33,True,36,32,0.7547619342803955,667.9432983398438,-16888.62889079436,2025-11-24 05:22:50
G6.txt,Gset,45,SpecAnn,0.5397578926492556,1.0,-4076.0,-3590.0,0.0129294395446777,0,True,46,33,True,37,32,0.7541828155517578,666.3064575195312,-16834.315485105326,2025-11-24 05:22:50
G6.txt,Gset,45,SpecAnn,0.5470032892270364,1.0,-4080.0,-3604.0,0.0128657817840576,0,True,46,33,True,38,32,0.7536096572875977,664.6963500976562,-16780.873218013294,2025-11-24 05:22:50
G6.txt,Gset,45,SpecAnn,0.554153962516942,1.0,-4080.0,-3604.0,0.0129578113555908,0,True,46,33,True,39,32,0.7530422806739807,663.111572265625,-16728.260199127217,2025-11-24 05:22:50
G6.txt,Gset,45,SpecAnn,0.5612135332663137,1.0,-4080.0,-3604.0,0.012998342514038,0,True,46,33,True,40,32,0.7524803876876831,661.5512084960938,-16676.444379787263,2025-11-24 05:22:50
G6.txt,Gset,45,SpecAnn,0.5681853972686127,1.0,-4080.0,-3604.0,0.0130865573883056,0,True,46,33,True,41,32,0.7519237995147705,660.0144653320312,-16625.39958099022,2025-11-24 05:22:50
G6.txt,Gset,45,SpecAnn,0.5750727444570146,1.0,-4080.0,-3604.0,0.0131161212921142,0,True,46,33,True,42,32,0.7513723373413086,658.5004272460938,-16575.09667286495,2025-11-24 05:22:50
G6.txt,Gset,45,SpecAnn,0.5818785759635375,1.0,-4120.0,-3601.9999999999995,0.0131089687347412,0,True,46,33,True,43,32,0.7508257627487183,657.0082397460938,-16525.506876775045,2025-11-24 05:22:50
G6.txt,Gset,45,SpecAnn,0.5886057194025436,1.0,-4120.0,-3601.9999999999995,0.0129675865173339,0,True,46,33,True,44,32,0.7502840161323547,655.537109375,-16476.607007379935,2025-11-24 05:22:50
G6.txt,Gset,45,SpecAnn,0.5952568425994088,1.0,-4110.0,-3596.0,0.0129711627960205,0,True,46,33,True,45,32,0.7497467994689941,654.08642578125,-16428.3733442378,2025-11-24 05:22:50
G6.txt,Gset,45,SpecAnn,0.6018344659534288,1.0,-4110.0,-3596.0,0.0128555297851562,0,True,46,33,True,46,32,0.7492139935493469,652.6553955078125,-16380.78160187788,2025-11-24 05:22:50
G6.txt,Gset,45,SpecAnn,0.6083409735974393,1.0,-4110.0,-3596.0,0.0129408836364746,0,True,46,33,True,47,32,0.7486854195594788,651.2433471679688,-16333.809353427294,2025-11-24 05:22:50
G6.txt,Gset,45,SpecAnn,0.6147786234942719,1.0,-4100.0,-3590.0,0.0128979682922363,0,True,46,33,True,48,32,0.7481610774993896,649.849853515625,-16287.444281738864,2025-11-24 05:22:50
G6.txt,Gset,45,SpecAnn,0.6211495565912796,1.0,-4100.0,-3590.0,0.0129191875457763,0,True,46,33,True,49,32,0.7476406693458557,648.4740600585938,-16241.65694057366,2025-11-24 05:22:50
G6.txt,Gset,45,SpecAnn,0.6274558051381586,1.0,-4099.999999999999,-3583.9999999999995,0.0129508972167968,0,True,46,33,True,50,32,0.7471242547035217,647.1156616210938,-16196.439514253809,2025-11-24 05:22:50
G6.txt,Gset,45,SpecAnn,0.6336993002596786,1.0,-4108.0,-3585.9999999999995,0.0128929615020751,0,True,46,33,True,51,32,0.746611475944519,645.7739868164062,-16151.76602568971,2025-11-24 05:22:50
G6.txt,Gset,45,SpecAnn,0.6398818788633085,1.0,-4090.0,-3597.9999999999995,0.0129287242889404,0,True,46,33,True,52,32,0.7461023926734924,644.4486083984375,-16107.625730819422,2025-11-24 05:22:50
G6.txt,Gset,45,SpecAnn,0.6460052899517691,1.0,-4099.999999999999,-3601.9999999999995,0.0129075050354003,0,True,46,33,True,53,32,0.7455967664718628,643.138916015625,-16063.99692181121,2025-11-24 05:22:50
G6.txt,Gset,45,SpecAnn,0.6520712004019966,1.0,-4099.999999999999,-3601.9999999999995,0.0129718780517578,0,True,46,33,True,54,32,0.7450946569442749,641.8446044921875,-16020.872010753948,2025-11-24 05:22:50
G6.txt,Gset,45,SpecAnn,0.6580812002646271,1.0,-4099.999999999999,-3601.9999999999995,0.0129175186157226,0,True,46,33,True,55,32,0.7445958256721497,640.5652465820312,-15978.233990633662,2025-11-24 05:22:50
G6.txt,Gset,45,SpecAnn,0.6640368076317485,1.0,-4095.999999999999,-3600.0,0.0128302574157714,0,True,46,33,True,56,32,0.7441002726554871,639.3003540039062,-15936.069518722376,2025-11-24 05:22:50
G6.txt,Gset,45,SpecAnn,0.6699394731151429,1.0,-4083.999999999999,-3600.0,0.012902021408081,0,True,46,33,True,57,32,0.7436078786849976,638.049560546875,-15894.365787174249,2025-11-24 05:22:50
G6.txt,Gset,45,SpecAnn,0.6757905839724513,1.0,-4102.0,-3581.9999999999995,0.0130398273468017,0,True,46,33,True,58,32,0.7431184649467468,636.8125,-15853.108769873155,2025-11-24 05:22:50
G6.txt,Gset,45,SpecAnn,0.6815914679145113,1.0,-4102.0,-3581.9999999999995,0.013155460357666,0,True,46,33,True,59,32,0.7426320910453796,635.5887451171875,-15812.288060848074,2025-11-24 05:22:50
G6.txt,Gset,45,SpecAnn,0.6873433966234707,1.0,-4102.0,-3581.9999999999995,0.0131182670593261,0,True,46,33,True,60,32,0.7421486377716064,634.378173828125,-15771.897067542508,2025-11-24 05:22:50
G6.txt,Gset,45,SpecAnn,0.6930475890080863,1.0,-4100.0,-3575.9999999999995,0.013150930404663,0,True,46,33,True,61,32,0.7416679859161377,633.1800537109375,-15731.914067795107,2025-11-24 05:22:50
G6.txt,Gset,45,SpecAnn,0.6987052142198116,1.0,-4110.0,-3580.0,0.0131115913391113,0,True,46,33,True,62,32,0.7411900758743286,631.9944458007812,-15692.338376380383,2025-11-24 05:22:50
G6.txt,Gset,45,SpecAnn,0.7043173944508145,1.0,-4104.0,-3590.0,0.0129342079162597,0,True,46,33,True,63,32,0.7407148480415344,630.82080078125,-15653.154175336109,2025-11-24 05:22:50
G6.txt,Gset,45,SpecAnn,0.709885207532891,1.0,-4104.0,-3590.0,0.0129587650299072,0,True,46,33,True,64,32,0.7402422428131104,629.6590576171875,-15614.357806107568,2025-11-24 05:22:50
G6.txt,Gset,45,SpecAnn,0.7154096893543218,1.0,-4104.0,-3590.0,0.012955904006958,0,True,46,33,True,65,32,0.7397722005844116,628.5087280273438,-15575.935041446468,2025-11-24 05:22:50
G6.txt,Gset,45,SpecAnn,0.7208918361100219,1.0,-4114.0,-3584.0,0.0129334926605224,0,True,46,33,True,66,32,0.7393046617507935,627.36962890625,-15537.879258257077,2025-11-24 05:22:50
G6.txt,Gset,45,SpecAnn,0.7263326063988248,1.0,-4114.0,-3584.0,0.0129454135894775,0,True,46,33,True,67,32,0.7388395071029663,626.2415771484375,-15500.18260928915,2025-11-24 05:22:50
G6.txt,Gset,45,SpecAnn,0.7317329231804058,1.0,-4098.0,-3582.0,0.0129363536834716,0,True,46,33,True,68,32,0.738376796245575,625.1240234375,-15462.831968344486,2025-11-24 05:22:50
G6.txt,Gset,45,SpecAnn,0.7370936756031579,1.0,-4098.0,-3582.0,0.0128509998321533,0,True,46,33,True,69,32,0.7379164099693298,624.0171508789062,-15425.828607151048,2025-11-24 05:22:50
G6.txt,Gset,45,SpecAnn,0.7424157207132704,1.0,-4098.0,-3582.0,0.0129263401031494,0,True,46,33,True,70,32,0.7374582290649414,622.92041015625,-15389.155714494877,2025-11-24 05:22:50
G6.txt,Gset,45,SpecAnn,0.7476998850543153,1.0,-4098.0,-3588.0,0.0128571987152099,0,True,46,33,True,71,32,0.7370022535324097,621.833740234375,-15352.811073819918,2025-11-24 05:22:50
G6.txt,Gset,45,SpecAnn,0.7529469661657903,1.0,-4098.0,-3588.0,0.012840986251831,0,True,46,33,True,72,32,0.7365484833717346,620.7568969726562,-15316.787958759762,2025-11-24 05:22:50
G6.txt,Gset,45,SpecAnn,0.7581577339883167,1.0,-4076.0,-3593.9999999999995,0.0128369331359863,0,True,46,33,True,73,32,0.7360968589782715,619.6895751953125,-15281.076919735438,2025-11-24 05:22:50
G6.txt,Gset,45,SpecAnn,0.7633329321824984,1.0,-4076.0,-3593.9999999999995,0.0129275321960449,0,True,46,33,True,74,32,0.7356472611427307,618.6317138671875,-15245.673319741403,2025-11-24 05:22:50
G6.txt,Gset,45,SpecAnn,0.7684732793678399,1.0,-4102.0,-3582.0000000000005,0.0129733085632324,0,True,46,33,True,75,32,0.7351996898651123,617.5830078125,-15210.568999625391,2025-11-24 05:22:50
G6.txt,Gset,45,SpecAnn,0.7735794702875677,1.0,-4102.0,-3582.0000000000005,0.0129468441009521,0,True,46,33,True,76,32,0.7347541451454163,616.5432739257812,-15175.758826979536,2025-11-24 05:22:50
G6.txt,Gset,45,SpecAnn,0.7786521769046981,1.0,-4102.0,-3582.0000000000005,0.0128700733184814,0,True,46,33,True,77,32,0.734310507774353,615.5123901367188,-15141.236727380438,2025-11-24 05:22:50
G6.txt,Gset,45,SpecAnn,0.7836920494342511,1.0,-4106.0,-3582.0,0.0129704475402832,0,True,46,33,True,78,32,0.7338687777519226,614.490234375,-15106.99910758267,2025-11-24 05:22:50
G6.txt,Gset,45,SpecAnn,0.788699717316095,1.0,-4106.0,-3582.0,0.0129497051239013,0,True,46,33,True,79,32,0.733428955078125,613.4764404296875,-15073.036386424676,2025-11-24 05:22:50
G6.txt,Gset,45,SpecAnn,0.7936757901325451,1.0,-4106.0,-3582.0,0.0128962993621826,0,True,46,33,True,80,32,0.7329909205436707,612.4710693359375,-15039.347052783658,2025-11-24 05:22:50
G6.txt,Gset,45,SpecAnn,0.7986208584745024,1.0,-4106.0,-3582.0,0.0128426551818847,0,True,46,33,True,81,32,0.7325546145439148,611.4737548828125,-15005.920347198617,2025-11-24 05:22:50
G6.txt,Gset,45,SpecAnn,0.803535494759617,1.0,-4106.0,-3582.0,0.0130105018615722,0,True,46,33,True,82,32,0.7321202158927917,610.4845581054688,-14972.76089705961,2025-11-24 05:22:50
G6.txt,Gset,45,SpecAnn,0.8084202540056837,1.0,-4077.999999999999,-3565.9999999999995,0.0130116939544677,0,True,46,33,True,83,32,0.7316874265670776,609.5030517578125,-14939.851600752714,2025-11-24 05:22:50
G6.txt,Gset,45,SpecAnn,0.8132756745622272,1.0,-4077.999999999999,-3565.9999999999995,0.0131342411041259,0,True,46,33,True,84,32,0.731256365776062,608.5294189453125,-14907.198880753223,2025-11-24 05:22:50
G6.txt,Gset,45,SpecAnn,0.8181022788030096,1.0,-4096.0,-3548.0,0.0131869316101074,0,True,46,33,True,85,32,0.7308268547058105,607.5632934570312,-14874.789621528837,2025-11-24 05:22:50
G6.txt,Gset,45,SpecAnn,0.822900573781978,1.0,-4096.0,-3548.0,0.0130791664123535,0,True,46,33,True,86,32,0.7303991913795471,606.6046142578125,-14842.62791132378,2025-11-24 05:22:50
G6.txt,Gset,45,SpecAnn,0.8276710518549868,1.0,-4096.0,-3548.0,0.0129356384277343,0,True,46,33,True,87,32,0.7299729585647583,605.653076171875,-14810.697323880522,2025-11-24 05:22:50
G6.txt,Gset,45,SpecAnn,0.8324141912694495,1.0,-4096.0,-3548.0,0.0128884315490722,0,True,46,33,True,88,32,0.7295483350753784,604.7089233398438,-14779.007005631556,2025-11-24 05:22:50
G6.txt,Gset,45,SpecAnn,0.8371304567239225,1.0,-4096.0,-3548.0,0.0128979682922363,0,True,46,33,True,89,32,0.7291252613067627,603.7716674804688,-14747.543356514108,2025-11-24 05:22:50
G6.txt,Gset,45,SpecAnn,0.8418202998994706,1.0,-4096.0,-3548.0,0.0129411220550537,0,True,46,33,True,90,32,0.7287036180496216,602.8414916992188,-14716.30799974033,2025-11-24 05:22:50
G6.txt,Gset,45,SpecAnn,0.846484159964536,1.0,-4096.0,-3548.0,0.0129733085632324,0,True,46,33,True,91,32,0.7282835245132446,601.91796875,-14685.292481594952,2025-11-24 05:22:50
G6.txt,Gset,45,SpecAnn,0.8511224640549078,1.0,-4096.0,-3548.0,0.0130980014801025,0,True,46,33,True,92,32,0.7278648614883423,601.001220703125,-14654.496953757058,2025-11-24 05:22:50
G6.txt,Gset,45,SpecAnn,0.8557356277302758,1.0,-4092.0,-3545.9999999999995,0.0131831169128417,0,True,46,33,True,93,32,0.7274476289749146,600.0910034179688,-14623.915049786889,2025-11-24 05:22:50
G6.txt,Gset,45,SpecAnn,0.8603240554087516,1.0,-4102.0,-3546.0,0.0131030082702636,0,True,46,33,True,94,32,0.7270317673683167,599.1871948242188,-14593.542195456774,2025-11-24 05:22:50
G6.txt,Gset,45,SpecAnn,0.86488814078064,1.0,-4102.0,-3546.0,0.0130665302276611,0,True,46,33,True,95,32,0.7266173362731934,598.2899169921875,-14563.382164433104,2025-11-24 05:22:50
G6.txt,Gset,45,SpecAnn,0.8694282672026621,1.0,-4104.0,-3571.9999999999995,0.013155460357666,0,True,46,33,True,96,32,0.7262042164802551,597.398681640625,-14533.42029116011,2025-11-24 05:22:50
G6.txt,Gset,45,SpecAnn,0.8739448080737451,1.0,-4104.0,-3582.0,0.0131165981292724,0,True,46,33,True,97,32,0.7257924675941467,596.5137939453125,-14503.664818460744,2025-11-24 05:22:50
G6.txt,Gset,45,SpecAnn,0.878438127193422,1.0,-4094.0,-3587.9999999999995,0.0131072998046875,0,True,46,33,True,98,32,0.7253819704055786,595.6348876953125,-14474.1040840375,2025-11-24 05:22:50
G6.txt,Gset,45,SpecAnn,0.8829085791038153,1.0,-4104.0,-3582.0,0.0131850242614746,0,True,46,33,True,99,32,0.7249728441238403,594.7619018554688,-14444.73862341623,2025-11-24 05:22:50
G6.txt,Gset,45,SpecAnn,0.8873565094161138,1.0,-4104.0,-3582.0,0.013028860092163,0,True,46,33,True,100,32,0.7245649099349976,593.894775390625,-14415.563033799424,2025-11-24 05:22:50
G6.txt,Gset,45,SpecAnn,0.8917822551223932,1.0,-4094.0,-3580.0,0.0130302906036376,0,True,46,33,True,101,32,0.7241582274436951,593.0335693359375,-14386.579635894825,2025-11-24 05:22:50
G6.txt,Gset,45,SpecAnn,0.8961861448935777,1.0,-4094.0,-3580.0,0.0130939483642578,0,True,46,33,True,102,32,0.7237528562545776,592.1779174804688,-14357.780382777124,2025-11-24 05:22:50
G6.txt,Gset,45,SpecAnn,0.9005684993642872,1.0,-4094.0,-3580.0,0.0131323337554931,0,True,46,33,True,103,32,0.7233486175537109,591.3279418945312,-14329.164351224725,2025-11-24 05:22:50
G6.txt,Gset,45,SpecAnn,0.9049296314052688,1.0,-4094.0,-3580.0,0.0131480693817138,0,True,46,33,True,104,32,0.7229455709457397,590.4835205078125,-14300.729436563626,2025-11-24 05:22:50
G6.txt,Gset,45,SpecAnn,0.9092698463840684,1.0,-4094.0,-3580.0,0.0131659507751464,0,True,46,33,True,105,32,0.7225436568260193,589.6444702148438,-14272.46970316518,2025-11-24 05:22:51
G6.txt,Gset,45,SpecAnn,0.9135894424145556,1.0,-4110.0,-3580.0,0.0131630897521972,0,True,46,33,True,106,32,0.7221429347991943,588.810791015625,-14244.38601429286,2025-11-24 05:22:51
G6.txt,Gset,45,SpecAnn,0.9178887105958816,1.0,-4126.0,-3571.9999999999995,0.0129330158233642,0,True,46,33,True,107,32,0.7217432856559753,587.982421875,-14216.47422991268,2025-11-24 05:22:51
G6.txt,Gset,45,SpecAnn,0.922167935241408,1.0,-4126.0,-3571.9999999999995,0.013010025024414,0,True,46,33,True,108,32,0.7213448882102966,587.1591796875,-14188.733139916529,2025-11-24 05:22:51
G6.txt,Gset,45,SpecAnn,0.92642739409812,1.0,-4092.0,-3583.9999999999995,0.0130808353424072,0,True,46,33,True,109,32,0.7209474444389343,586.3411254882812,-14161.158055672531,2025-11-24 05:22:51
G6.txt,Gset,45,SpecAnn,0.9306673585570006,1.0,-4084.0,-3583.9999999999995,0.0131459236145019,0,True,46,33,True,110,32,0.7205511331558228,585.5281372070312,-14133.749252431338,2025-11-24 05:22:51
G6.txt,Gset,45,SpecAnn,0.9348880938548184,1.0,-4084.0,-3583.9999999999995,0.01324462890625,0,True,46,33,True,111,32,0.7201558947563171,584.72021484375,-14106.505268347377,2025-11-24 05:22:51
G6.txt,Gset,45,SpecAnn,0.9390898592677528,1.0,-4113.999999999999,-3580.0,0.0132093429565429,0,True,46,33,True,112,32,0.7197616696357727,583.9171142578125,-14079.41876241803,2025-11-24 05:22:51
G6.txt,Gset,45,SpecAnn,0.9432729082972536,1.0,-4126.0,-3560.0000000000005,0.0130620002746582,0,True,46,33,True,113,32,0.7193685173988342,583.1188354492188,-14052.490626168716,2025-11-24 05:22:51
G6.txt,Gset,45,SpecAnn,0.9474374888485204,1.0,-4126.0,-3560.0000000000005,0.0129356384277343,0,True,46,33,True,114,32,0.7189763784408569,582.325439453125,-14025.720890321609,2025-11-24 05:22:51
G6.txt,Gset,45,SpecAnn,0.9515838434019476,1.0,-4126.0,-3560.0000000000005,0.0128350257873535,0,True,46,33,True,115,32,0.718585193157196,581.53662109375,-13999.100774087288,2025-11-24 05:22:51
G6.txt,Gset,45,SpecAnn,0.9557122091778746,1.0,-4116.0,-3553.9999999999995,0.0129365921020507,0,True,46,33,True,116,32,0.7181950211524963,580.7525634765625,-13972.635586948943,2025-11-24 05:22:51
G6.txt,Gset,45,SpecAnn,0.9598228182949629,1.0,-4116.0,-3553.9999999999995,0.0130794048309326,0,True,46,33,True,117,32,0.717805802822113,579.9730224609375,-13946.318033591811,2025-11-24 05:22:51
G6.txt,Gset,45,SpecAnn,0.963915897922488,1.0,-4116.0,-3553.9999999999995,0.0131475925445556,0,True,46,33,True,118,32,0.7174175381660461,579.1980590820312,-13920.14932951563,2025-11-24 05:22:51
G6.txt,Gset,45,SpecAnn,0.967991670426842,1.0,-4098.0,-3556.0,0.0131161212921142,0,True,46,33,True,119,32,0.7170302271842957,578.4275512695312,-13894.126289631002,2025-11-24 05:22:51
G6.txt,Gset,45,SpecAnn,0.9720503535125016,1.0,-4094.0,-3552.0,0.0131242275238037,0,True,46,33,True,120,32,0.7166438698768616,577.6614990234375,-13868.248666657342,2025-11-24 05:22:51
G6.txt,Gset,45,SpecAnn,0.9760921603577252,1.0,-4094.0,-3552.0,0.0131990909576416,0,True,46,33,True,121,32,0.7162584066390991,576.8997802734375,-13842.512133204807,2025-11-24 05:22:51
G6.txt,Gset,45,SpecAnn,0.9801172997452104,1.0,-4094.0,-3552.0,0.0129892826080322,0,True,46,33,True,122,32,0.7158738374710083,576.1423950195312,-13816.916452954374,2025-11-24 05:22:51
G6.txt,Gset,45,SpecAnn,0.9841259761879442,1.0,-4094.0,-3552.0,0.0129399299621582,0,True,46,33,True,123,32,0.7154902219772339,575.3892211914062,-13791.459613383824,2025-11-24 05:22:51
G6.txt,Gset,45,SpecAnn,0.9881183900504562,1.0,-4094.0,-3552.0,0.012925386428833,0,True,46,33,True,124,32,0.7151073217391968,574.6402587890625,-13766.13679027654,2025-11-24 05:22:51
G6.txt,Gset,45,SpecAnn,0.9920947376656812,1.0,-4094.0,-3552.0,0.0128798484802246,0,True,46,33,True,125,32,0.7147254943847656,573.8953857421875,-13740.951720540645,2025-11-24 05:22:51
G6.txt,Gset,45,SpecAnn,0.9960552114476228,1.0,-4076.0,-3547.999999999999,0.0129616260528564,0,True,46,33,True,126,32,0.7143443822860718,573.1546630859375,-13715.898760842938,2025-11-24 05:22:51
G6.txt,Gset,45,SpecAnn,1.0,1.0,-4076.0,-3547.999999999999,0.0129039287567138,0,True,46,33,True,127,32,0.7139641642570496,572.4179077148438,-13690.97674842781,2025-11-24 05:22:51
G6.txt,Gset,46,SpecAnn,0.0,1.0,-4064.0,-3655.999999999999,0.0257215499877929,0,True,52,65,True,0,32,0.7922235727310181,800.0,-21231.591749191284,2025-11-24 05:22:51
G6.txt,Gset,46,SpecAnn,0.0887356509416113,1.0,-4106.0,-3646.0,0.0251390933990478,0,True,52,65,True,1,32,0.7865629196166992,776.031494140625,-20448.31952448294,2025-11-24 05:22:51
G6.txt,Gset,46,SpecAnn,0.1254911610276317,1.0,-4102.0,-3640.0,0.0130279064178466,0,True,52,33,True,2,32,0.7841534614562988,766.3468017578125,-20131.272158690816,2025-11-24 05:22:51
G6.txt,Gset,46,SpecAnn,0.1536946558735679,1.0,-4078.0,-3644.0,0.0129647254943847,0,True,52,33,True,3,32,0.7822783589363098,759.009765625,-19890.856614636898,2025-11-24 05:22:51
G6.txt,Gset,46,SpecAnn,0.1774713018832227,1.0,-4113.999999999999,-3646.0,0.0131409168243408,0,True,52,33,True,4,32,0.7806798815727234,752.8873291015625,-19690.093695840496,2025-11-24 05:22:51
G6.txt,Gset,46,SpecAnn,0.1984189475331362,1.0,-4090.0,-3650.0,0.0129845142364501,0,True,52,33,True,5,32,0.7792577743530273,747.5404663085938,-19514.645120484376,2025-11-24 05:22:51
G6.txt,Gset,46,SpecAnn,0.2173570668006655,1.0,-4076.0,-3658.0,0.0129010677337646,0,True,52,33,True,6,32,0.777961015701294,742.7443237304688,-19357.175304606822,2025-11-24 05:22:51
G6.txt,Gset,46,SpecAnn,0.2347724648169381,1.0,-4099.999999999999,-3644.0,0.0129506587982177,0,True,52,33,True,7,32,0.776759147644043,738.3651123046875,-19213.31715201022,2025-11-24 05:22:51
G6.txt,Gset,46,SpecAnn,0.2509823220552634,1.0,-4100.0,-3638.0,0.012951374053955,0,True,52,33,True,8,32,0.7756322026252747,734.3157348632812,-19080.224183622537,2025-11-24 05:22:51
G6.txt,Gset,46,SpecAnn,0.2662069528248341,1.0,-4100.0,-3638.0,0.0128898620605468,0,True,52,33,True,9,32,0.7745667695999146,730.535888671875,-18955.93558274013,2025-11-24 05:22:51
G6.txt,Gset,46,SpecAnn,0.2806067666331568,1.0,-4112.0,-3656.0,0.01310396194458,0,True,52,33,True,10,32,0.7735524773597717,726.9813842773438,-18839.00140187288,2025-11-24 05:22:51
G6.txt,Gset,46,SpecAnn,0.2943028597012718,1.0,-4068.0,-3658.0,0.0131151676177978,0,True,52,33,True,11,32,0.772581934928894,723.619140625,-18728.34503982414,2025-11-24 05:22:51
G6.txt,Gset,46,SpecAnn,0.3073893117471359,1.0,-4068.0,-3658.0,0.0132331848144531,0,True,52,33,True,12,32,0.771649181842804,720.4234008789062,-18623.12328359872,2025-11-24 05:22:51
G6.txt,Gset,46,SpecAnn,0.3199409394316542,1.0,-4068.0,-3658.0,0.0129997730255126,0,True,52,33,True,13,32,0.7707496285438538,717.37353515625,-18522.66542258717,2025-11-24 05:22:51
G6.txt,Gset,46,SpecAnn,0.3320184038158743,1.0,-4090.0,-3670.0,0.0128419399261474,0,True,52,33,True,14,32,0.7698794603347778,714.4529418945312,-18426.42861890193,2025-11-24 05:22:51
G6.txt,Gset,46,SpecAnn,0.3436716983117353,1.0,-4090.0,-3670.0,0.012890338897705,0,True,52,33,True,15,32,0.7690355181694031,711.6478881835938,-18333.963831854955,2025-11-24 05:22:51
G6.txt,Gset,46,SpecAnn,0.3549426037664455,1.0,-4076.000000000001,-3675.999999999999,0.0129163265228271,0,True,52,33,True,16,32,0.7682152986526489,708.9470825195312,-18244.903823343306,2025-11-24 05:22:51
G6.txt,Gset,46,SpecAnn,0.3658664615902029,1.0,-4076.0,-3668.0,0.012831687927246,0,True,52,33,True,17,32,0.7674164772033691,706.3406372070312,-18158.9243576186,2025-11-24 05:22:51
G6.txt,Gset,46,SpecAnn,0.3764734830828951,1.0,-4076.0,-3668.0,0.0131585597991943,0,True,52,33,True,18,32,0.7666372656822205,703.8204956054688,-18075.763179449743,2025-11-24 05:22:51
G6.txt,Gset,46,SpecAnn,0.3867897351437838,1.0,-4076.0,-3668.0,0.0130970478057861,0,True,52,33,True,19,32,0.7658759951591492,701.3793334960938,-17995.181433350284,2025-11-24 05:22:51
G6.txt,Gset,46,SpecAnn,0.3968378950662725,1.0,-4102.0,-3658.000000000001,0.0131216049194335,0,True,52,33,True,20,32,0.7651312947273254,699.010986328125,-17916.978563428413,2025-11-24 05:22:51
G6.txt,Gset,46,SpecAnn,0.4066378372811136,1.0,-4090.0,-3664.0,0.0130939483642578,0,True,52,33,True,21,32,0.7644018530845642,696.7100830078125,-17840.977030214726,2025-11-24 05:22:51
G6.txt,Gset,46,SpecAnn,0.4162070956347247,1.0,-4090.0,-3664.0,0.0128774642944335,0,True,52,33,True,22,32,0.7636865377426147,694.4717407226562,-17767.017094291168,2025-11-24 05:22:51
G6.txt,Gset,46,SpecAnn,0.4255612320274539,1.0,-4092.0,-3664.0,0.0128455162048339,0,True,52,33,True,23,32,0.762984573841095,692.2918090820312,-17694.9670260255,2025-11-24 05:22:51
G6.txt,Gset,46,SpecAnn,0.434714133601331,1.0,-4097.999999999999,-3670.0,0.0128352642059326,0,True,52,33,True,24,32,0.7622949481010437,690.1663818359375,-17624.69659846082,2025-11-24 05:22:51
G6.txt,Gset,46,SpecAnn,0.4436782547080569,1.0,-4097.999999999999,-3670.0,0.012885570526123,0,True,52,33,True,25,32,0.7616167664527893,688.0921020507812,-17556.09313981823,2025-11-24 05:22:51
G6.txt,Gset,46,SpecAnn,0.4524648157026343,1.0,-4097.999999999999,-3646.0,0.0128235816955566,0,True,52,33,True,26,32,0.7609496116638184,686.06591796875,-17489.063394112396,2025-11-24 05:22:51
G6.txt,Gset,46,SpecAnn,0.4610839676207039,1.0,-4104.000000000001,-3646.0,0.01289963722229,0,True,52,33,True,27,32,0.760292649269104,684.0850219726562,-17423.511258310285,2025-11-24 05:22:51
G6.txt,Gset,46,SpecAnn,0.4695449296338763,1.0,-4080.0,-3637.999999999999,0.0129921436309814,0,True,52,33,True,28,32,0.7596454620361328,682.14697265625,-17359.36004937021,2025-11-24 05:22:51
G6.txt,Gset,46,SpecAnn,0.4778561045889373,1.0,-4104.000000000001,-3626.0,0.0129342079162597,0,True,52,33,True,29,32,0.759007453918457,680.2493896484375,-17296.530968432606,2025-11-24 05:22:51
G6.txt,Gset,46,SpecAnn,0.4860251767562508,1.0,-4104.000000000001,-3626.0,0.0129485130310058,0,True,52,33,True,30,32,0.7583780288696289,678.39013671875,-17234.951852093684,2025-11-24 05:22:51
G6.txt,Gset,46,SpecAnn,0.4940591950252281,1.0,-4104.0,-3618.0,0.0129132270812988,0,True,52,33,True,31,32,0.7577569484710693,676.5674438476562,-17174.568336443197,2025-11-24 05:22:51
G6.txt,Gset,46,SpecAnn,0.5019646441105269,1.0,-4092.0,-3604.0,0.0129203796386718,0,True,52,33,True,32,32,0.7571436166763306,674.7794189453125,-17115.315145586726,2025-11-24 05:22:51
G6.txt,Gset,46,SpecAnn,0.5097475058154177,1.0,-4096.0,-3620.0,0.0129568576812744,0,True,52,33,True,33,32,0.7565377950668335,673.0243530273438,-17057.140062197224,2025-11-24 05:22:51
G6.txt,Gset,46,SpecAnn,0.51741331199832,1.0,-4087.999999999999,-3618.0,0.0128877162933349,0,True,52,33,True,34,32,0.7559391260147095,671.3009643554688,-16999.999253638107,2025-11-24 05:22:51
G6.txt,Gset,46,SpecAnn,0.5249671905758515,1.0,-4087.999999999999,-3618.0,0.01289963722229,0,True,52,33,True,35,32,0.7553472518920898,669.6077270507812,-16943.842941862793,2025-11-24 05:22:51
G6.txt,Gset,46,SpecAnn,0.5324139056496683,1.0,-4090.0,-3612.0,0.0128679275512695,0,True,52,33,True,36,32,0.7547619342803955,667.9432983398438,-16888.62889079436,2025-11-24 05:22:51
G6.txt,Gset,46,SpecAnn,0.5397578926492556,1.0,-4086.0,-3590.0,0.0128469467163085,0,True,52,33,True,37,32,0.7541828155517578,666.3064575195312,-16834.315485105326,2025-11-24 05:22:51
G6.txt,Gset,46,SpecAnn,0.5470032892270364,1.0,-4088.0,-3604.0,0.0129389762878417,0,True,52,33,True,38,32,0.7536097168922424,664.6963500976562,-16780.874545249455,2025-11-24 05:22:51
G6.txt,Gset,46,SpecAnn,0.554153962516942,1.0,-4088.0,-3604.0,0.0128760337829589,0,True,52,33,True,39,32,0.7530422806739807,663.111572265625,-16728.260199127217,2025-11-24 05:22:51
G6.txt,Gset,46,SpecAnn,0.5612135332663137,1.0,-4088.0,-3604.0,0.0128333568572998,0,True,52,33,True,40,32,0.7524803876876831,661.5512084960938,-16676.444379787263,2025-11-24 05:22:52
G6.txt,Gset,46,SpecAnn,0.5681853972686127,1.0,-4088.0,-3604.0,0.0129227638244628,0,True,52,33,True,41,32,0.7519237995147705,660.0144653320312,-16625.39958099022,2025-11-24 05:22:52
G6.txt,Gset,46,SpecAnn,0.5750727444570146,1.0,-4088.0,-3604.0,0.0129065513610839,0,True,52,33,True,42,32,0.7513723373413086,658.5004272460938,-16575.09667286495,2025-11-24 05:22:52
G6.txt,Gset,46,SpecAnn,0.5818785759635375,1.0,-4100.0,-3601.9999999999995,0.0128641128540039,0,True,52,33,True,43,32,0.7508257627487183,657.0082397460938,-16525.506876775045,2025-11-24 05:22:52
G6.txt,Gset,46,SpecAnn,0.5886057194025436,1.0,-4100.0,-3601.9999999999995,0.0129175186157226,0,True,52,33,True,44,32,0.7502840161323547,655.537109375,-16476.607007379935,2025-11-24 05:22:52
G6.txt,Gset,46,SpecAnn,0.5952568425994088,1.0,-4104.0,-3596.0,0.012902021408081,0,True,52,33,True,45,32,0.7497467994689941,654.08642578125,-16428.3733442378,2025-11-24 05:22:52
G6.txt,Gset,46,SpecAnn,0.6018344659534288,1.0,-4104.0,-3596.0,0.0128815174102783,0,True,52,33,True,46,32,0.7492139935493469,652.6553955078125,-16380.78160187788,2025-11-24 05:22:52
G6.txt,Gset,46,SpecAnn,0.6083409735974393,1.0,-4104.0,-3596.0,0.0128731727600097,0,True,52,33,True,47,32,0.7486854195594788,651.2433471679688,-16333.809353427294,2025-11-24 05:22:52
G6.txt,Gset,46,SpecAnn,0.6147786234942719,1.0,-4094.0,-3590.0,0.0129191875457763,0,True,52,33,True,48,32,0.7481610774993896,649.849853515625,-16287.444281738864,2025-11-24 05:22:52
G6.txt,Gset,46,SpecAnn,0.6211495565912796,1.0,-4094.0,-3590.0,0.0128307342529296,0,True,52,33,True,49,32,0.7476406693458557,648.4740600585938,-16241.65694057366,2025-11-24 05:22:52
G6.txt,Gset,46,SpecAnn,0.6274558051381586,1.0,-4084.0,-3583.9999999999995,0.0129003524780273,0,True,52,33,True,50,32,0.7471242547035217,647.1156616210938,-16196.439514253809,2025-11-24 05:22:52
G6.txt,Gset,46,SpecAnn,0.6336993002596786,1.0,-4111.999999999999,-3585.9999999999995,0.012916088104248,0,True,52,33,True,51,32,0.746611475944519,645.7739868164062,-16151.76602568971,2025-11-24 05:22:52
G6.txt,Gset,46,SpecAnn,0.6398818788633085,1.0,-4100.0,-3597.9999999999995,0.0129415988922119,0,True,52,33,True,52,32,0.7461023926734924,644.4486083984375,-16107.625730819422,2025-11-24 05:22:52
G6.txt,Gset,46,SpecAnn,0.6460052899517691,1.0,-4096.0,-3601.9999999999995,0.0128297805786132,0,True,52,33,True,53,32,0.7455967664718628,643.138916015625,-16063.99692181121,2025-11-24 05:22:52
G6.txt,Gset,46,SpecAnn,0.6520712004019966,1.0,-4096.0,-3601.9999999999995,0.013031005859375,0,True,52,33,True,54,32,0.7450946569442749,641.8446044921875,-16020.872010753948,2025-11-24 05:22:52
G6.txt,Gset,46,SpecAnn,0.6580812002646271,1.0,-4096.0,-3601.9999999999995,0.013019323348999,0,True,52,33,True,55,32,0.7445958256721497,640.5652465820312,-15978.233990633662,2025-11-24 05:22:52
G6.txt,Gset,46,SpecAnn,0.6640368076317485,1.0,-4096.0,-3600.0,0.0130796432495117,0,True,52,33,True,56,32,0.7441002726554871,639.3003540039062,-15936.069518722376,2025-11-24 05:22:52
G6.txt,Gset,46,SpecAnn,0.6699394731151429,1.0,-4094.000000000001,-3600.0,0.0130281448364257,0,True,52,33,True,57,32,0.7436078786849976,638.049560546875,-15894.365787174249,2025-11-24 05:22:52
G6.txt,Gset,46,SpecAnn,0.6757905839724513,1.0,-4102.0,-3581.9999999999995,0.0129549503326416,0,True,52,33,True,58,32,0.7431184649467468,636.8125,-15853.108769873155,2025-11-24 05:22:52
G6.txt,Gset,46,SpecAnn,0.6815914679145113,1.0,-4102.0,-3581.9999999999995,0.0129072666168212,0,True,52,33,True,59,32,0.7426320910453796,635.5887451171875,-15812.288060848074,2025-11-24 05:22:52
G6.txt,Gset,46,SpecAnn,0.6873433966234707,1.0,-4102.0,-3581.9999999999995,0.0128748416900634,0,True,52,33,True,60,32,0.7421486377716064,634.378173828125,-15771.897067542508,2025-11-24 05:22:52
G6.txt,Gset,46,SpecAnn,0.6930475890080863,1.0,-4098.0,-3575.9999999999995,0.0128664970397949,0,True,52,33,True,61,32,0.7416679859161377,633.1800537109375,-15731.914067795107,2025-11-24 05:22:52
G6.txt,Gset,46,SpecAnn,0.6987052142198116,1.0,-4134.0,-3580.0,0.0129022598266601,0,True,52,33,True,62,32,0.7411900758743286,631.9944458007812,-15692.338376380383,2025-11-24 05:22:52
G6.txt,Gset,46,SpecAnn,0.7043173944508145,1.0,-4109.999999999999,-3590.0,0.0129811763763427,0,True,52,33,True,63,32,0.7407147884368896,630.82080078125,-15653.152915741142,2025-11-24 05:22:52
G6.txt,Gset,46,SpecAnn,0.709885207532891,1.0,-4109.999999999999,-3590.0,0.0128986835479736,0,True,52,33,True,64,32,0.7402422428131104,629.6590576171875,-15614.357806107568,2025-11-24 05:22:52
G6.txt,Gset,46,SpecAnn,0.7154096893543218,1.0,-4109.999999999999,-3590.0,0.0128812789916992,0,True,52,33,True,65,32,0.7397722005844116,628.5087280273438,-15575.935041446468,2025-11-24 05:22:52
G6.txt,Gset,46,SpecAnn,0.7208918361100219,1.0,-4108.0,-3584.0,0.0130114555358886,0,True,52,33,True,66,32,0.7393046617507935,627.36962890625,-15537.879258257077,2025-11-24 05:22:52
G6.txt,Gset,46,SpecAnn,0.7263326063988248,1.0,-4108.0,-3584.0,0.0128982067108154,0,True,52,33,True,67,32,0.7388395071029663,626.2415771484375,-15500.18260928915,2025-11-24 05:22:52
G6.txt,Gset,46,SpecAnn,0.7317329231804058,1.0,-4102.0,-3582.0,0.0128629207611083,0,True,52,33,True,68,32,0.738376796245575,625.1240234375,-15462.831968344486,2025-11-24 05:22:52
G6.txt,Gset,46,SpecAnn,0.7370936756031579,1.0,-4102.0,-3582.0,0.0127995014190673,0,True,52,33,True,69,32,0.7379163503646851,624.0171508789062,-15425.827361141306,2025-11-24 05:22:52
G6.txt,Gset,46,SpecAnn,0.7424157207132704,1.0,-4102.0,-3582.0,0.0128867626190185,0,True,52,33,True,70,32,0.7374582290649414,622.92041015625,-15389.155714494877,2025-11-24 05:22:52
G6.txt,Gset,46,SpecAnn,0.7476998850543153,1.0,-4102.0,-3588.0,0.0128562450408935,0,True,52,33,True,71,32,0.7370022535324097,621.833740234375,-15352.811073819918,2025-11-24 05:22:52
G6.txt,Gset,46,SpecAnn,0.7529469661657903,1.0,-4102.0,-3588.0,0.0130414962768554,0,True,52,33,True,72,32,0.7365484237670898,620.7568969726562,-15316.786719259951,2025-11-24 05:22:52
G6.txt,Gset,46,SpecAnn,0.7581577339883167,1.0,-4088.000000000001,-3593.9999999999995,0.0129978656768798,0,True,52,33,True,73,32,0.7360968589782715,619.6895751953125,-15281.076919735438,2025-11-24 05:22:52
G6.txt,Gset,46,SpecAnn,0.7633329321824984,1.0,-4088.000000000001,-3593.9999999999995,0.0131006240844726,0,True,52,33,True,74,32,0.7356472611427307,618.6317138671875,-15245.673319741403,2025-11-24 05:22:52
G6.txt,Gset,46,SpecAnn,0.7684732793678399,1.0,-4105.999999999999,-3582.0000000000005,0.0128915309906005,0,True,52,33,True,75,32,0.7351996898651123,617.5830078125,-15210.568999625391,2025-11-24 05:22:52
G6.txt,Gset,46,SpecAnn,0.7735794702875677,1.0,-4105.999999999999,-3582.0000000000005,0.0128803253173828,0,True,52,33,True,76,32,0.7347541451454163,616.5432739257812,-15175.758826979536,2025-11-24 05:22:52
G6.txt,Gset,46,SpecAnn,0.7786521769046981,1.0,-4105.999999999999,-3582.0000000000005,0.0129163265228271,0,True,52,33,True,77,32,0.734310507774353,615.5123901367188,-15141.236727380438,2025-11-24 05:22:52
G6.txt,Gset,46,SpecAnn,0.7836920494342511,1.0,-4096.0,-3582.0,0.0128595829010009,0,True,52,33,True,78,32,0.7338687777519226,614.490234375,-15106.99910758267,2025-11-24 05:22:52
G6.txt,Gset,46,SpecAnn,0.788699717316095,1.0,-4096.0,-3582.0,0.0128312110900878,0,True,52,33,True,79,32,0.733428955078125,613.4764404296875,-15073.036386424676,2025-11-24 05:22:52
G6.txt,Gset,46,SpecAnn,0.7936757901325451,1.0,-4096.0,-3582.0,0.0128185749053955,0,True,52,33,True,80,32,0.7329909205436707,612.4710693359375,-15039.347052783658,2025-11-24 05:22:52
G6.txt,Gset,46,SpecAnn,0.7986208584745024,1.0,-4096.0,-3582.0,0.0128452777862548,0,True,52,33,True,81,32,0.7325546145439148,611.4737548828125,-15005.920347198617,2025-11-24 05:22:52
G6.txt,Gset,46,SpecAnn,0.803535494759617,1.0,-4096.0,-3582.0,0.0129132270812988,0,True,52,33,True,82,32,0.732120156288147,610.4845581054688,-14972.75967807115,2025-11-24 05:22:52
G6.txt,Gset,46,SpecAnn,0.8084202540056837,1.0,-4092.0,-3565.9999999999995,0.0128262042999267,0,True,52,33,True,83,32,0.7316874265670776,609.5030517578125,-14939.851600752714,2025-11-24 05:22:52
G6.txt,Gset,46,SpecAnn,0.8132756745622272,1.0,-4092.0,-3565.9999999999995,0.0128004550933837,0,True,52,33,True,84,32,0.731256365776062,608.5294189453125,-14907.198880753223,2025-11-24 05:22:52
G6.txt,Gset,46,SpecAnn,0.8181022788030096,1.0,-4108.0,-3548.0,0.0128448009490966,0,True,52,33,True,85,32,0.7308269143104553,607.5632934570312,-14874.790834684243,2025-11-24 05:22:52
G6.txt,Gset,46,SpecAnn,0.822900573781978,1.0,-4108.0,-3548.0,0.0128200054168701,0,True,52,33,True,86,32,0.7303991317749023,606.6046142578125,-14842.62670008262,2025-11-24 05:22:52
G6.txt,Gset,46,SpecAnn,0.8276710518549868,1.0,-4108.0,-3548.0,0.012862205505371,0,True,52,33,True,87,32,0.7299729585647583,605.653076171875,-14810.697323880522,2025-11-24 05:22:52
G6.txt,Gset,46,SpecAnn,0.8324141912694495,1.0,-4108.0,-3548.0,0.0128734111785888,0,True,52,33,True,88,32,0.7295483350753784,604.7089233398438,-14779.007005631556,2025-11-24 05:22:52
G6.txt,Gset,46,SpecAnn,0.8371304567239225,1.0,-4108.0,-3548.0,0.0128400325775146,0,True,52,33,True,89,32,0.7291252613067627,603.7716674804688,-14747.543356514108,2025-11-24 05:22:52
G6.txt,Gset,46,SpecAnn,0.8418202998994706,1.0,-4108.0,-3548.0,0.0128383636474609,0,True,52,33,True,90,32,0.7287036180496216,602.8414916992188,-14716.30799974033,2025-11-24 05:22:52
G6.txt,Gset,46,SpecAnn,0.846484159964536,1.0,-4108.0,-3548.0,0.0127356052398681,0,True,52,33,True,91,32,0.7282835245132446,601.91796875,-14685.292481594952,2025-11-24 05:22:52
G6.txt,Gset,46,SpecAnn,0.8511224640549078,1.0,-4108.0,-3548.0,0.0128450393676757,0,True,52,33,True,92,32,0.7278648614883423,601.001220703125,-14654.496953757058,2025-11-24 05:22:52
G6.txt,Gset,46,SpecAnn,0.8557356277302758,1.0,-4088.0,-3545.9999999999995,0.0128116607666015,0,True,52,33,True,93,32,0.7274476289749146,600.0910034179688,-14623.915049786889,2025-11-24 05:22:52
G6.txt,Gset,46,SpecAnn,0.8603240554087516,1.0,-4104.0,-3546.0,0.0128202438354492,0,True,52,33,True,94,32,0.7270317673683167,599.1871948242188,-14593.542195456774,2025-11-24 05:22:52
G6.txt,Gset,46,SpecAnn,0.86488814078064,1.0,-4104.0,-3546.0,0.0129671096801757,0,True,52,33,True,95,32,0.7266173362731934,598.2899169921875,-14563.382164433104,2025-11-24 05:22:52
G6.txt,Gset,46,SpecAnn,0.8694282672026621,1.0,-4104.0,-3571.9999999999995,0.0130732059478759,0,True,52,33,True,96,32,0.7262042164802551,597.398681640625,-14533.42029116011,2025-11-24 05:22:52
G6.txt,Gset,46,SpecAnn,0.8739448080737451,1.0,-4100.000000000001,-3582.0,0.0130620002746582,0,True,52,33,True,97,32,0.7257924675941467,596.5137939453125,-14503.664818460744,2025-11-24 05:22:52
G6.txt,Gset,46,SpecAnn,0.878438127193422,1.0,-4118.0,-3587.9999999999995,0.0130088329315185,0,True,52,33,True,98,32,0.7253819704055786,595.6348876953125,-14474.1040840375,2025-11-24 05:22:52
G6.txt,Gset,46,SpecAnn,0.8829085791038153,1.0,-4101.999999999999,-3582.0,0.013007640838623,0,True,52,33,True,99,32,0.7249728441238403,594.7619018554688,-14444.73862341623,2025-11-24 05:22:52
G6.txt,Gset,46,SpecAnn,0.8873565094161138,1.0,-4101.999999999999,-3582.0,0.0128240585327148,0,True,52,33,True,100,32,0.7245649099349976,593.894775390625,-14415.563033799424,2025-11-24 05:22:52
G6.txt,Gset,46,SpecAnn,0.8917822551223932,1.0,-4094.0,-3580.0,0.0127835273742675,0,True,52,33,True,101,32,0.7241582870483398,593.0335693359375,-14386.580820037923,2025-11-24 05:22:52
G6.txt,Gset,46,SpecAnn,0.8961861448935777,1.0,-4094.0,-3580.0,0.0127840042114257,0,True,52,33,True,102,32,0.7237528562545776,592.1779174804688,-14357.780382777124,2025-11-24 05:22:52
G6.txt,Gset,46,SpecAnn,0.9005684993642872,1.0,-4094.0,-3580.0,0.0128285884857177,0,True,52,33,True,103,32,0.7233486175537109,591.3279418945312,-14329.164351224725,2025-11-24 05:22:52
G6.txt,Gset,46,SpecAnn,0.9049296314052688,1.0,-4094.0,-3580.0,0.0127773284912109,0,True,52,33,True,104,32,0.7229455709457397,590.4835205078125,-14300.729436563626,2025-11-24 05:22:52
G6.txt,Gset,46,SpecAnn,0.9092698463840684,1.0,-4094.0,-3580.0,0.0128936767578125,0,True,52,33,True,105,32,0.7225435972213745,589.6444702148438,-14272.468525789282,2025-11-24 05:22:52
G6.txt,Gset,46,SpecAnn,0.9135894424145556,1.0,-4082.0,-3580.0,0.0129015445709228,0,True,52,33,True,106,32,0.7221429347991943,588.810791015625,-14244.38601429286,2025-11-24 05:22:52
G6.txt,Gset,46,SpecAnn,0.9178887105958816,1.0,-4121.999999999999,-3571.9999999999995,0.0127801895141601,0,True,52,33,True,107,32,0.7217432856559753,587.982421875,-14216.47422991268,2025-11-24 05:22:52
G6.txt,Gset,46,SpecAnn,0.922167935241408,1.0,-4121.999999999999,-3571.9999999999995,0.0128159523010253,0,True,52,33,True,108,32,0.7213448882102966,587.1591796875,-14188.733139916529,2025-11-24 05:22:52
G6.txt,Gset,46,SpecAnn,0.92642739409812,1.0,-4132.0,-3583.9999999999995,0.0128073692321777,0,True,52,33,True,109,32,0.7209474444389343,586.3411254882812,-14161.158055672531,2025-11-24 05:22:52
G6.txt,Gset,46,SpecAnn,0.9306673585570006,1.0,-4125.999999999999,-3583.9999999999995,0.012794017791748,0,True,52,33,True,110,32,0.7205511331558228,585.5281372070312,-14133.749252431338,2025-11-24 05:22:52
G6.txt,Gset,46,SpecAnn,0.9348880938548184,1.0,-4125.999999999999,-3583.9999999999995,0.0129156112670898,0,True,52,33,True,111,32,0.7201558947563171,584.72021484375,-14106.505268347377,2025-11-24 05:22:52
G6.txt,Gset,46,SpecAnn,0.9390898592677528,1.0,-4111.999999999999,-3580.0,0.0128736495971679,0,True,52,33,True,112,32,0.7197616696357727,583.9171142578125,-14079.41876241803,2025-11-24 05:22:52
G6.txt,Gset,46,SpecAnn,0.9432729082972536,1.0,-4124.0,-3560.0000000000005,0.0129358768463134,0,True,52,33,True,113,32,0.7193685173988342,583.1188354492188,-14052.490626168716,2025-11-24 05:22:52
G6.txt,Gset,46,SpecAnn,0.9474374888485204,1.0,-4124.0,-3560.0000000000005,0.0127878189086914,0,True,52,33,True,114,32,0.7189763784408569,582.325439453125,-14025.720890321609,2025-11-24 05:22:52
G6.txt,Gset,46,SpecAnn,0.9515838434019476,1.0,-4124.0,-3560.0000000000005,0.0128519535064697,0,True,52,33,True,115,32,0.718585193157196,581.53662109375,-13999.100774087288,2025-11-24 05:22:52
G6.txt,Gset,46,SpecAnn,0.9557122091778746,1.0,-4086.0,-3553.9999999999995,0.012796401977539,0,True,52,33,True,116,32,0.7181950211524963,580.7525634765625,-13972.635586948943,2025-11-24 05:22:52
G6.txt,Gset,46,SpecAnn,0.9598228182949629,1.0,-4086.0,-3553.9999999999995,0.0128149986267089,0,True,52,33,True,117,32,0.717805802822113,579.9730224609375,-13946.318033591811,2025-11-24 05:22:53
G6.txt,Gset,46,SpecAnn,0.963915897922488,1.0,-4086.0,-3553.9999999999995,0.0128610134124755,0,True,52,33,True,118,32,0.7174175381660461,579.1980590820312,-13920.14932951563,2025-11-24 05:22:53
G6.txt,Gset,46,SpecAnn,0.967991670426842,1.0,-4090.0,-3556.0,0.0128705501556396,0,True,52,33,True,119,32,0.7170302271842957,578.4275512695312,-13894.126289631002,2025-11-24 05:22:53
G6.txt,Gset,46,SpecAnn,0.9720503535125016,1.0,-4118.0,-3552.0,0.0128378868103027,0,True,52,33,True,120,32,0.7166438698768616,577.6614990234375,-13868.248666657342,2025-11-24 05:22:53
G6.txt,Gset,46,SpecAnn,0.9760921603577252,1.0,-4118.0,-3552.0,0.0129153728485107,0,True,52,33,True,121,32,0.7162584066390991,576.8997802734375,-13842.512133204807,2025-11-24 05:22:53
G6.txt,Gset,46,SpecAnn,0.9801172997452104,1.0,-4118.0,-3552.0,0.0127980709075927,0,True,52,33,True,122,32,0.7158738374710083,576.1423950195312,-13816.916452954374,2025-11-24 05:22:53
G6.txt,Gset,46,SpecAnn,0.9841259761879442,1.0,-4118.0,-3552.0,0.0128533840179443,0,True,52,33,True,123,32,0.7154901623725891,575.3892211914062,-13791.458464472174,2025-11-24 05:22:53
G6.txt,Gset,46,SpecAnn,0.9881183900504562,1.0,-4118.0,-3552.0,0.0128343105316162,0,True,52,33,True,124,32,0.7151073813438416,574.6402587890625,-13766.137937692696,2025-11-24 05:22:53
G6.txt,Gset,46,SpecAnn,0.9920947376656812,1.0,-4118.0,-3552.0,0.0129086971282958,0,True,52,33,True,125,32,0.7147254943847656,573.8953857421875,-13740.951720540645,2025-11-24 05:22:53
G6.txt,Gset,46,SpecAnn,0.9960552114476228,1.0,-4086.0,-3547.999999999999,0.0128331184387207,0,True,52,33,True,126,32,0.7143443822860718,573.1546630859375,-13715.898760842938,2025-11-24 05:22:53
G6.txt,Gset,46,SpecAnn,1.0,1.0,-4086.0,-3547.999999999999,0.0128085613250732,0,True,52,33,True,127,32,0.7139641642570496,572.4179077148438,-13690.97674842781,2025-11-24 05:22:53
G6.txt,Gset,47,SpecAnn,0.0,1.0,-4100.0,-3655.999999999999,0.0371143817901611,0,True,47,97,True,0,32,0.7922236919403076,800.0,-21231.594944000244,2025-11-24 05:22:53
G6.txt,Gset,47,SpecAnn,0.0887356509416113,1.0,-4088.000000000001,-3646.0,0.0246295928955078,0,True,47,65,True,1,32,0.7865626811981201,776.031494140625,-20448.313326302014,2025-11-24 05:22:53
G6.txt,Gset,47,SpecAnn,0.1254911610276317,1.0,-4092.0,-3640.0,0.0130093097686767,0,True,47,33,True,2,32,0.7841535210609436,766.3468017578125,-20131.273688898083,2025-11-24 05:22:53
G6.txt,Gset,47,SpecAnn,0.1536946558735679,1.0,-4104.0,-3644.0,0.0130231380462646,0,True,47,33,True,3,32,0.7822783589363098,759.009765625,-19890.856614636898,2025-11-24 05:22:53
G6.txt,Gset,47,SpecAnn,0.1774713018832227,1.0,-4072.0,-3646.0,0.0129969120025634,0,True,47,33,True,4,32,0.7806798219680786,752.8873291015625,-19690.092192508502,2025-11-24 05:22:53
G6.txt,Gset,47,SpecAnn,0.1984189475331362,1.0,-4104.0,-3650.0,0.0128979682922363,0,True,47,33,True,5,32,0.7792577743530273,747.5404663085938,-19514.645120484376,2025-11-24 05:22:53
G6.txt,Gset,47,SpecAnn,0.2173570668006655,1.0,-4096.0,-3658.0,0.0129642486572265,0,True,47,33,True,6,32,0.7779609560966492,742.7443237304688,-19357.17382152794,2025-11-24 05:22:53
G6.txt,Gset,47,SpecAnn,0.2347724648169381,1.0,-4086.0,-3644.0,0.0129563808441162,0,True,47,33,True,7,32,0.776759147644043,738.3651123046875,-19213.31715201022,2025-11-24 05:22:53
G6.txt,Gset,47,SpecAnn,0.2509823220552634,1.0,-4072.0,-3638.0,0.0129740238189697,0,True,47,33,True,8,32,0.7756322622299194,734.3157348632812,-19080.22564987159,2025-11-24 05:22:53
G6.txt,Gset,47,SpecAnn,0.2662069528248341,1.0,-4072.0,-3638.0,0.0131032466888427,0,True,47,33,True,9,32,0.7745667695999146,730.535888671875,-18955.93558274013,2025-11-24 05:22:53
G6.txt,Gset,47,SpecAnn,0.2806067666331568,1.0,-4088.0,-3656.0,0.0131330490112304,0,True,47,33,True,10,32,0.7735525369644165,726.9813842773438,-18839.002853477028,2025-11-24 05:22:53
G6.txt,Gset,47,SpecAnn,0.2943028597012718,1.0,-4084.0,-3658.0,0.013139009475708,0,True,47,33,True,11,32,0.772581934928894,723.619140625,-18728.34503982414,2025-11-24 05:22:53
G6.txt,Gset,47,SpecAnn,0.3073893117471359,1.0,-4084.0,-3658.0,0.0129890441894531,0,True,47,33,True,12,32,0.771649181842804,720.4234008789062,-18623.12328359872,2025-11-24 05:22:53
G6.txt,Gset,47,SpecAnn,0.3199409394316542,1.0,-4084.0,-3658.0,0.0129761695861816,0,True,47,33,True,13,32,0.7707496285438538,717.37353515625,-18522.66542258717,2025-11-24 05:22:53
G6.txt,Gset,47,SpecAnn,0.3320184038158743,1.0,-4085.999999999999,-3670.0,0.0131089687347412,0,True,47,33,True,14,32,0.7698794603347778,714.4529418945312,-18426.42861890193,2025-11-24 05:22:53
G6.txt,Gset,47,SpecAnn,0.3436716983117353,1.0,-4085.999999999999,-3670.0,0.0131435394287109,0,True,47,33,True,15,32,0.7690355181694031,711.6478881835938,-18333.963831854955,2025-11-24 05:22:53
G6.txt,Gset,47,SpecAnn,0.3549426037664455,1.0,-4070.0,-3675.999999999999,0.0130846500396728,0,True,47,33,True,16,32,0.7682153582572937,708.9470825195312,-18244.90523893736,2025-11-24 05:22:53
G6.txt,Gset,47,SpecAnn,0.3658664615902029,1.0,-4102.0,-3668.0,0.0129110813140869,0,True,47,33,True,17,32,0.7674164772033691,706.3406372070312,-18158.9243576186,2025-11-24 05:22:53
G6.txt,Gset,47,SpecAnn,0.3764734830828951,1.0,-4102.0,-3668.0,0.0129909515380859,0,True,47,33,True,18,32,0.7666372656822205,703.8204956054688,-18075.763179449743,2025-11-24 05:22:53
G6.txt,Gset,47,SpecAnn,0.3867897351437838,1.0,-4102.0,-3668.0,0.0128865242004394,0,True,47,33,True,19,32,0.7658759951591492,701.3793334960938,-17995.181433350284,2025-11-24 05:22:53
G6.txt,Gset,47,SpecAnn,0.3968378950662725,1.0,-4100.0,-3658.000000000001,0.0128538608551025,0,True,47,33,True,20,32,0.7651312947273254,699.010986328125,-17916.978563428413,2025-11-24 05:22:53
G6.txt,Gset,47,SpecAnn,0.4066378372811136,1.0,-4094.0,-3664.0,0.0128493309020996,0,True,47,33,True,21,32,0.7644018530845642,696.7100830078125,-17840.977030214726,2025-11-24 05:22:53
G6.txt,Gset,47,SpecAnn,0.4162070956347247,1.0,-4094.0,-3664.0,0.0129263401031494,0,True,47,33,True,22,32,0.7636865377426147,694.4717407226562,-17767.017094291168,2025-11-24 05:22:53
G6.txt,Gset,47,SpecAnn,0.4255612320274539,1.0,-4081.999999999999,-3664.0,0.0129108428955078,0,True,47,33,True,23,32,0.762984573841095,692.2918090820312,-17694.9670260255,2025-11-24 05:22:53
G6.txt,Gset,47,SpecAnn,0.434714133601331,1.0,-4081.999999999999,-3670.0,0.0130925178527832,0,True,47,33,True,24,32,0.7622949481010437,690.1663818359375,-17624.69659846082,2025-11-24 05:22:53
G6.txt,Gset,47,SpecAnn,0.4436782547080569,1.0,-4081.999999999999,-3670.0,0.0130586624145507,0,True,47,33,True,25,32,0.7616168260574341,688.0921020507812,-17556.094513769985,2025-11-24 05:22:53
G6.txt,Gset,47,SpecAnn,0.4524648157026343,1.0,-4098.0,-3646.0,0.0129470825195312,0,True,47,33,True,26,32,0.7609496116638184,686.06591796875,-17489.063394112396,2025-11-24 05:22:53
G6.txt,Gset,47,SpecAnn,0.4610839676207039,1.0,-4099.999999999999,-3646.0,0.0128555297851562,0,True,47,33,True,27,32,0.760292649269104,684.0850219726562,-17423.511258310285,2025-11-24 05:22:53
G6.txt,Gset,47,SpecAnn,0.4695449296338763,1.0,-4112.0,-3637.999999999999,0.0129282474517822,0,True,47,33,True,28,32,0.7596454620361328,682.14697265625,-17359.36004937021,2025-11-24 05:22:53
G6.txt,Gset,47,SpecAnn,0.4778561045889373,1.0,-4102.000000000001,-3626.0,0.0128242969512939,0,True,47,33,True,29,32,0.759007453918457,680.2493896484375,-17296.530968432606,2025-11-24 05:22:53
G6.txt,Gset,47,SpecAnn,0.4860251767562508,1.0,-4102.000000000001,-3626.0,0.0128736495971679,0,True,47,33,True,30,32,0.7583780288696289,678.39013671875,-17234.951852093684,2025-11-24 05:22:53
G6.txt,Gset,47,SpecAnn,0.4940591950252281,1.0,-4104.0,-3618.0,0.0130105018615722,0,True,47,33,True,31,32,0.7577569484710693,676.5674438476562,-17174.568336443197,2025-11-24 05:22:53
G6.txt,Gset,47,SpecAnn,0.5019646441105269,1.0,-4094.0,-3604.0,0.0130813121795654,0,True,47,33,True,32,32,0.7571436166763306,674.7794189453125,-17115.315145586726,2025-11-24 05:22:53
G6.txt,Gset,47,SpecAnn,0.5097475058154177,1.0,-4066.0,-3620.0,0.0131504535675048,0,True,47,33,True,33,32,0.7565377950668335,673.0243530273438,-17057.140062197224,2025-11-24 05:22:53
G6.txt,Gset,47,SpecAnn,0.51741331199832,1.0,-4070.0,-3618.0,0.0131220817565917,0,True,47,33,True,34,32,0.7559391260147095,671.3009643554688,-16999.999253638107,2025-11-24 05:22:53
G6.txt,Gset,47,SpecAnn,0.5249671905758515,1.0,-4070.0,-3618.0,0.0129539966583251,0,True,47,33,True,35,32,0.7553472518920898,669.6077270507812,-16943.842941862793,2025-11-24 05:22:53
G6.txt,Gset,47,SpecAnn,0.5324139056496683,1.0,-4074.0,-3612.0,0.0128383636474609,0,True,47,33,True,36,32,0.7547619342803955,667.9432983398438,-16888.62889079436,2025-11-24 05:22:53
G6.txt,Gset,47,SpecAnn,0.5397578926492556,1.0,-4087.999999999999,-3590.0,0.0128059387207031,0,True,47,33,True,37,32,0.7541828155517578,666.3064575195312,-16834.315485105326,2025-11-24 05:22:53
G6.txt,Gset,47,SpecAnn,0.5470032892270364,1.0,-4096.0,-3604.0,0.0128812789916992,0,True,47,33,True,38,32,0.7536096572875977,664.6963500976562,-16780.873218013294,2025-11-24 05:22:53
G6.txt,Gset,47,SpecAnn,0.554153962516942,1.0,-4096.0,-3604.0,0.0128917694091796,0,True,47,33,True,39,32,0.7530422806739807,663.111572265625,-16728.260199127217,2025-11-24 05:22:53
G6.txt,Gset,47,SpecAnn,0.5612135332663137,1.0,-4096.0,-3604.0,0.0129032135009765,0,True,47,33,True,40,32,0.7524803876876831,661.5512084960938,-16676.444379787263,2025-11-24 05:22:53
G6.txt,Gset,47,SpecAnn,0.5681853972686127,1.0,-4096.0,-3604.0,0.0129194259643554,0,True,47,33,True,41,32,0.7519237995147705,660.0144653320312,-16625.39958099022,2025-11-24 05:22:53
G6.txt,Gset,47,SpecAnn,0.5750727444570146,1.0,-4096.0,-3604.0,0.0128443241119384,0,True,47,33,True,42,32,0.7513723373413086,658.5004272460938,-16575.09667286495,2025-11-24 05:22:53
G6.txt,Gset,47,SpecAnn,0.5818785759635375,1.0,-4114.0,-3601.9999999999995,0.0129203796386718,0,True,47,33,True,43,32,0.7508257627487183,657.0082397460938,-16525.506876775045,2025-11-24 05:22:53
G6.txt,Gset,47,SpecAnn,0.5886057194025436,1.0,-4114.0,-3601.9999999999995,0.0128383636474609,0,True,47,33,True,44,32,0.7502840161323547,655.537109375,-16476.607007379935,2025-11-24 05:22:53
G6.txt,Gset,47,SpecAnn,0.5952568425994088,1.0,-4096.0,-3596.0,0.0128097534179687,0,True,47,33,True,45,32,0.7497467994689941,654.08642578125,-16428.3733442378,2025-11-24 05:22:53
G6.txt,Gset,47,SpecAnn,0.6018344659534288,1.0,-4096.0,-3596.0,0.0128755569458007,0,True,47,33,True,46,32,0.7492139935493469,652.6553955078125,-16380.78160187788,2025-11-24 05:22:53
G6.txt,Gset,47,SpecAnn,0.6083409735974393,1.0,-4096.0,-3596.0,0.0128765106201171,0,True,47,33,True,47,32,0.7486854195594788,651.2433471679688,-16333.809353427294,2025-11-24 05:22:53
G6.txt,Gset,47,SpecAnn,0.6147786234942719,1.0,-4088.0,-3590.0,0.0129141807556152,0,True,47,33,True,48,32,0.7481610774993896,649.849853515625,-16287.444281738864,2025-11-24 05:22:53
G6.txt,Gset,47,SpecAnn,0.6211495565912796,1.0,-4088.0,-3590.0,0.0129511356353759,0,True,47,33,True,49,32,0.7476406693458557,648.4740600585938,-16241.65694057366,2025-11-24 05:22:53
G6.txt,Gset,47,SpecAnn,0.6274558051381586,1.0,-4088.0,-3583.9999999999995,0.0129315853118896,0,True,47,33,True,50,32,0.7471242547035217,647.1156616210938,-16196.439514253809,2025-11-24 05:22:53
G6.txt,Gset,47,SpecAnn,0.6336993002596786,1.0,-4115.999999999999,-3585.9999999999995,0.012831687927246,0,True,47,33,True,51,32,0.746611475944519,645.7739868164062,-16151.76602568971,2025-11-24 05:22:53
G6.txt,Gset,47,SpecAnn,0.6398818788633085,1.0,-4114.0,-3597.9999999999995,0.0128583908081054,0,True,47,33,True,52,32,0.7461023926734924,644.4486083984375,-16107.625730819422,2025-11-24 05:22:53
G6.txt,Gset,47,SpecAnn,0.6460052899517691,1.0,-4114.0,-3601.9999999999995,0.0128796100616455,0,True,47,33,True,53,32,0.7455967664718628,643.138916015625,-16063.99692181121,2025-11-24 05:22:54
G6.txt,Gset,47,SpecAnn,0.6520712004019966,1.0,-4114.0,-3601.9999999999995,0.0128593444824218,0,True,47,33,True,54,32,0.7450946569442749,641.8446044921875,-16020.872010753948,2025-11-24 05:22:54
G6.txt,Gset,47,SpecAnn,0.6580812002646271,1.0,-4114.0,-3601.9999999999995,0.012845754623413,0,True,47,33,True,55,32,0.7445958256721497,640.5652465820312,-15978.233990633662,2025-11-24 05:22:54
G6.txt,Gset,47,SpecAnn,0.6640368076317485,1.0,-4128.0,-3600.0,0.0128765106201171,0,True,47,33,True,56,32,0.7441002726554871,639.3003540039062,-15936.069518722376,2025-11-24 05:22:54
G6.txt,Gset,47,SpecAnn,0.6699394731151429,1.0,-4112.0,-3600.0,0.0128557682037353,0,True,47,33,True,57,32,0.7436078786849976,638.049560546875,-15894.365787174249,2025-11-24 05:22:54
G6.txt,Gset,47,SpecAnn,0.6757905839724513,1.0,-4096.0,-3581.9999999999995,0.0128774642944335,0,True,47,33,True,58,32,0.7431184649467468,636.8125,-15853.108769873155,2025-11-24 05:22:54
G6.txt,Gset,47,SpecAnn,0.6815914679145113,1.0,-4096.0,-3581.9999999999995,0.012803316116333,0,True,47,33,True,59,32,0.7426320910453796,635.5887451171875,-15812.288060848074,2025-11-24 05:22:54
G6.txt,Gset,47,SpecAnn,0.6873433966234707,1.0,-4096.0,-3581.9999999999995,0.0128459930419921,0,True,47,33,True,60,32,0.7421486377716064,634.378173828125,-15771.897067542508,2025-11-24 05:22:54
G6.txt,Gset,47,SpecAnn,0.6930475890080863,1.0,-4106.0,-3575.9999999999995,0.0128211975097656,0,True,47,33,True,61,32,0.7416679859161377,633.1800537109375,-15731.914067795107,2025-11-24 05:22:54
G6.txt,Gset,47,SpecAnn,0.6987052142198116,1.0,-4090.0,-3580.0,0.0128703117370605,0,True,47,33,True,62,32,0.7411900758743286,631.9944458007812,-15692.338376380383,2025-11-24 05:22:54
G6.txt,Gset,47,SpecAnn,0.7043173944508145,1.0,-4100.0,-3590.0,0.0128967761993408,0,True,47,33,True,63,32,0.7407148480415344,630.82080078125,-15653.154175336109,2025-11-24 05:22:54
G6.txt,Gset,47,SpecAnn,0.709885207532891,1.0,-4100.0,-3590.0,0.0129370689392089,0,True,47,33,True,64,32,0.7402422428131104,629.6590576171875,-15614.357806107568,2025-11-24 05:22:54
G6.txt,Gset,47,SpecAnn,0.7154096893543218,1.0,-4100.0,-3590.0,0.0128123760223388,0,True,47,33,True,65,32,0.7397722005844116,628.5087280273438,-15575.935041446468,2025-11-24 05:22:54
G6.txt,Gset,47,SpecAnn,0.7208918361100219,1.0,-4086.0,-3584.0,0.012819766998291,0,True,47,33,True,66,32,0.7393046617507935,627.36962890625,-15537.879258257077,2025-11-24 05:22:54
G6.txt,Gset,47,SpecAnn,0.7263326063988248,1.0,-4086.0,-3584.0,0.0128579139709472,0,True,47,33,True,67,32,0.7388395071029663,626.2415771484375,-15500.18260928915,2025-11-24 05:22:54
G6.txt,Gset,47,SpecAnn,0.7317329231804058,1.0,-4098.0,-3582.0,0.0128798484802246,0,True,47,33,True,68,32,0.738376796245575,625.1240234375,-15462.831968344486,2025-11-24 05:22:54
G6.txt,Gset,47,SpecAnn,0.7370936756031579,1.0,-4098.0,-3582.0,0.0130817890167236,0,True,47,33,True,69,32,0.7379164099693298,624.0171508789062,-15425.828607151048,2025-11-24 05:22:54
G6.txt,Gset,47,SpecAnn,0.7424157207132704,1.0,-4098.0,-3582.0,0.0130949020385742,0,True,47,33,True,70,32,0.7374582290649414,622.92041015625,-15389.155714494877,2025-11-24 05:22:54
G6.txt,Gset,47,SpecAnn,0.7476998850543153,1.0,-4096.0,-3588.0,0.0130913257598876,0,True,47,33,True,71,32,0.7370022535324097,621.833740234375,-15352.811073819918,2025-11-24 05:22:54
G6.txt,Gset,47,SpecAnn,0.7529469661657903,1.0,-4096.0,-3588.0,0.0130164623260498,0,True,47,33,True,72,32,0.7365484833717346,620.7568969726562,-15316.787958759762,2025-11-24 05:22:54
G6.txt,Gset,47,SpecAnn,0.7581577339883167,1.0,-4096.0,-3593.9999999999995,0.0128631591796875,0,True,47,33,True,73,32,0.7360968589782715,619.6895751953125,-15281.076919735438,2025-11-24 05:22:54
G6.txt,Gset,47,SpecAnn,0.7633329321824984,1.0,-4096.0,-3593.9999999999995,0.0129191875457763,0,True,47,33,True,74,32,0.7356472611427307,618.6317138671875,-15245.673319741403,2025-11-24 05:22:54
G6.txt,Gset,47,SpecAnn,0.7684732793678399,1.0,-4104.0,-3582.0000000000005,0.0128803253173828,0,True,47,33,True,75,32,0.7351996898651123,617.5830078125,-15210.568999625391,2025-11-24 05:22:54
G6.txt,Gset,47,SpecAnn,0.7735794702875677,1.0,-4104.0,-3582.0000000000005,0.012902021408081,0,True,47,33,True,76,32,0.7347541451454163,616.5432739257812,-15175.758826979536,2025-11-24 05:22:54
G6.txt,Gset,47,SpecAnn,0.7786521769046981,1.0,-4104.0,-3582.0000000000005,0.0129344463348388,0,True,47,33,True,77,32,0.734310507774353,615.5123901367188,-15141.236727380438,2025-11-24 05:22:54
G6.txt,Gset,47,SpecAnn,0.7836920494342511,1.0,-4100.0,-3582.0,0.0128529071807861,0,True,47,33,True,78,32,0.7338687777519226,614.490234375,-15106.99910758267,2025-11-24 05:22:54
G6.txt,Gset,47,SpecAnn,0.788699717316095,1.0,-4100.0,-3582.0,0.0129451751708984,0,True,47,33,True,79,32,0.733428955078125,613.4764404296875,-15073.036386424676,2025-11-24 05:22:54
G6.txt,Gset,47,SpecAnn,0.7936757901325451,1.0,-4100.0,-3582.0,0.0128800868988037,0,True,47,33,True,80,32,0.7329909205436707,612.4710693359375,-15039.347052783658,2025-11-24 05:22:54
G6.txt,Gset,47,SpecAnn,0.7986208584745024,1.0,-4100.0,-3582.0,0.0128178596496582,0,True,47,33,True,81,32,0.7325546145439148,611.4737548828125,-15005.920347198617,2025-11-24 05:22:54
G6.txt,Gset,47,SpecAnn,0.803535494759617,1.0,-4100.0,-3582.0,0.0128676891326904,0,True,47,33,True,82,32,0.732120156288147,610.4845581054688,-14972.75967807115,2025-11-24 05:22:54
G6.txt,Gset,47,SpecAnn,0.8084202540056837,1.0,-4092.0,-3565.9999999999995,0.0128631591796875,0,True,47,33,True,83,32,0.7316873669624329,609.5030517578125,-14939.850383724082,2025-11-24 05:22:54
G6.txt,Gset,47,SpecAnn,0.8132756745622272,1.0,-4092.0,-3565.9999999999995,0.0128910541534423,0,True,47,33,True,84,32,0.731256365776062,608.5294189453125,-14907.198880753223,2025-11-24 05:22:54
G6.txt,Gset,47,SpecAnn,0.8181022788030096,1.0,-4136.0,-3548.0,0.0129320621490478,0,True,47,33,True,85,32,0.7308269143104553,607.5632934570312,-14874.790834684243,2025-11-24 05:22:54
G6.txt,Gset,47,SpecAnn,0.822900573781978,1.0,-4136.0,-3548.0,0.0128953456878662,0,True,47,33,True,86,32,0.7303991317749023,606.6046142578125,-14842.62670008262,2025-11-24 05:22:54
G6.txt,Gset,47,SpecAnn,0.8276710518549868,1.0,-4136.0,-3548.0,0.013146162033081,0,True,47,33,True,87,32,0.7299729585647583,605.653076171875,-14810.697323880522,2025-11-24 05:22:54
G6.txt,Gset,47,SpecAnn,0.8324141912694495,1.0,-4136.0,-3548.0,0.0130751132965087,0,True,47,33,True,88,32,0.7295483350753784,604.7089233398438,-14779.007005631556,2025-11-24 05:22:54
G6.txt,Gset,47,SpecAnn,0.8371304567239225,1.0,-4136.0,-3548.0,0.0130331516265869,0,True,47,33,True,89,32,0.7291252613067627,603.7716674804688,-14747.543356514108,2025-11-24 05:22:54
G6.txt,Gset,47,SpecAnn,0.8418202998994706,1.0,-4136.0,-3548.0,0.0128319263458251,0,True,47,33,True,90,32,0.7287036180496216,602.8414916992188,-14716.30799974033,2025-11-24 05:22:54
G6.txt,Gset,47,SpecAnn,0.846484159964536,1.0,-4136.0,-3548.0,0.0129163265228271,0,True,47,33,True,91,32,0.7282835245132446,601.91796875,-14685.292481594952,2025-11-24 05:22:54
G6.txt,Gset,47,SpecAnn,0.8511224640549078,1.0,-4136.0,-3548.0,0.0128483772277832,0,True,47,33,True,92,32,0.7278648614883423,601.001220703125,-14654.496953757058,2025-11-24 05:22:54
G6.txt,Gset,47,SpecAnn,0.8557356277302758,1.0,-4121.999999999999,-3545.9999999999995,0.0129115581512451,0,True,47,33,True,93,32,0.7274476289749146,600.0910034179688,-14623.915049786889,2025-11-24 05:22:54
G6.txt,Gset,47,SpecAnn,0.8603240554087516,1.0,-4107.999999999999,-3546.0,0.0128750801086425,0,True,47,33,True,94,32,0.7270317673683167,599.1871948242188,-14593.542195456774,2025-11-24 05:22:54
G6.txt,Gset,47,SpecAnn,0.86488814078064,1.0,-4107.999999999999,-3546.0,0.0129075050354003,0,True,47,33,True,95,32,0.7266173362731934,598.2899169921875,-14563.382164433104,2025-11-24 05:22:54
G6.txt,Gset,47,SpecAnn,0.8694282672026621,1.0,-4096.0,-3571.9999999999995,0.0128087997436523,0,True,47,33,True,96,32,0.7262042164802551,597.398681640625,-14533.42029116011,2025-11-24 05:22:54
G6.txt,Gset,47,SpecAnn,0.8739448080737451,1.0,-4087.999999999999,-3582.0,0.0128271579742431,0,True,47,33,True,97,32,0.7257924675941467,596.5137939453125,-14503.664818460744,2025-11-24 05:22:54
G6.txt,Gset,47,SpecAnn,0.878438127193422,1.0,-4096.0,-3587.9999999999995,0.0128149986267089,0,True,47,33,True,98,32,0.7253819704055786,595.6348876953125,-14474.1040840375,2025-11-24 05:22:54
G6.txt,Gset,47,SpecAnn,0.8829085791038153,1.0,-4114.0,-3582.0,0.0128278732299804,0,True,47,33,True,99,32,0.7249728441238403,594.7619018554688,-14444.73862341623,2025-11-24 05:22:54
G6.txt,Gset,47,SpecAnn,0.8873565094161138,1.0,-4114.0,-3582.0,0.0128462314605712,0,True,47,33,True,100,32,0.7245649099349976,593.894775390625,-14415.563033799424,2025-11-24 05:22:54
G6.txt,Gset,47,SpecAnn,0.8917822551223932,1.0,-4121.999999999999,-3580.0,0.012866735458374,0,True,47,33,True,101,32,0.7241582870483398,593.0335693359375,-14386.580820037923,2025-11-24 05:22:54
G6.txt,Gset,47,SpecAnn,0.8961861448935777,1.0,-4121.999999999999,-3580.0,0.012824535369873,0,True,47,33,True,102,32,0.7237528562545776,592.1779174804688,-14357.780382777124,2025-11-24 05:22:54
G6.txt,Gset,47,SpecAnn,0.9005684993642872,1.0,-4121.999999999999,-3580.0,0.0129122734069824,0,True,47,33,True,103,32,0.7233486175537109,591.3279418945312,-14329.164351224725,2025-11-24 05:22:54
G6.txt,Gset,47,SpecAnn,0.9049296314052688,1.0,-4121.999999999999,-3580.0,0.0128490924835205,0,True,47,33,True,104,32,0.7229455709457397,590.4835205078125,-14300.729436563626,2025-11-24 05:22:54
G6.txt,Gset,47,SpecAnn,0.9092698463840684,1.0,-4121.999999999999,-3580.0,0.0128395557403564,0,True,47,33,True,105,32,0.7225436568260193,589.6444702148438,-14272.46970316518,2025-11-24 05:22:54
G6.txt,Gset,47,SpecAnn,0.9135894424145556,1.0,-4123.999999999999,-3580.0,0.0129263401031494,0,True,47,33,True,106,32,0.7221429347991943,588.810791015625,-14244.38601429286,2025-11-24 05:22:54
G6.txt,Gset,47,SpecAnn,0.9178887105958816,1.0,-4097.999999999999,-3571.9999999999995,0.0128464698791503,0,True,47,33,True,107,32,0.7217432856559753,587.982421875,-14216.47422991268,2025-11-24 05:22:54
G6.txt,Gset,47,SpecAnn,0.922167935241408,1.0,-4097.999999999999,-3571.9999999999995,0.012906789779663,0,True,47,33,True,108,32,0.7213448882102966,587.1591796875,-14188.733139916529,2025-11-24 05:22:54
G6.txt,Gset,47,SpecAnn,0.92642739409812,1.0,-4138.0,-3583.9999999999995,0.0130715370178222,0,True,47,33,True,109,32,0.7209474444389343,586.3411254882812,-14161.158055672531,2025-11-24 05:22:54
G6.txt,Gset,47,SpecAnn,0.9306673585570006,1.0,-4104.0,-3583.9999999999995,0.0131478309631347,0,True,47,33,True,110,32,0.7205511331558228,585.5281372070312,-14133.749252431338,2025-11-24 05:22:54
G6.txt,Gset,47,SpecAnn,0.9348880938548184,1.0,-4104.0,-3583.9999999999995,0.0131940841674804,0,True,47,33,True,111,32,0.7201558947563171,584.72021484375,-14106.505268347377,2025-11-24 05:22:54
G6.txt,Gset,47,SpecAnn,0.9390898592677528,1.0,-4106.0,-3580.0,0.0130703449249267,0,True,47,33,True,112,32,0.7197616696357727,583.9171142578125,-14079.41876241803,2025-11-24 05:22:54
G6.txt,Gset,47,SpecAnn,0.9432729082972536,1.0,-4114.0,-3560.0000000000005,0.0128965377807617,0,True,47,33,True,113,32,0.7193685173988342,583.1188354492188,-14052.490626168716,2025-11-24 05:22:54
G6.txt,Gset,47,SpecAnn,0.9474374888485204,1.0,-4114.0,-3560.0000000000005,0.0128517150878906,0,True,47,33,True,114,32,0.7189763784408569,582.325439453125,-14025.720890321609,2025-11-24 05:22:54
G6.txt,Gset,47,SpecAnn,0.9515838434019476,1.0,-4114.0,-3560.0000000000005,0.0129072666168212,0,True,47,33,True,115,32,0.718585193157196,581.53662109375,-13999.100774087288,2025-11-24 05:22:54
G6.txt,Gset,47,SpecAnn,0.9557122091778746,1.0,-4108.0,-3553.9999999999995,0.0129153728485107,0,True,47,33,True,116,32,0.7181950211524963,580.7525634765625,-13972.635586948943,2025-11-24 05:22:54
G6.txt,Gset,47,SpecAnn,0.9598228182949629,1.0,-4108.0,-3553.9999999999995,0.0130248069763183,0,True,47,33,True,117,32,0.717805802822113,579.9730224609375,-13946.318033591811,2025-11-24 05:22:54
G6.txt,Gset,47,SpecAnn,0.963915897922488,1.0,-4108.0,-3553.9999999999995,0.0130033493041992,0,True,47,33,True,118,32,0.7174175381660461,579.1980590820312,-13920.14932951563,2025-11-24 05:22:54
G6.txt,Gset,47,SpecAnn,0.967991670426842,1.0,-4102.0,-3556.0,0.0129182338714599,0,True,47,33,True,119,32,0.7170302271842957,578.4275512695312,-13894.126289631002,2025-11-24 05:22:54
G6.txt,Gset,47,SpecAnn,0.9720503535125016,1.0,-4086.0,-3552.0,0.0128717422485351,0,True,47,33,True,120,32,0.7166438698768616,577.6614990234375,-13868.248666657342,2025-11-24 05:22:54
G6.txt,Gset,47,SpecAnn,0.9760921603577252,1.0,-4086.0,-3552.0,0.0128843784332275,0,True,47,33,True,121,32,0.7162584066390991,576.8997802734375,-13842.512133204807,2025-11-24 05:22:54
G6.txt,Gset,47,SpecAnn,0.9801172997452104,1.0,-4086.0,-3552.0,0.0130367279052734,0,True,47,33,True,122,32,0.7158738374710083,576.1423950195312,-13816.916452954374,2025-11-24 05:22:54
G6.txt,Gset,47,SpecAnn,0.9841259761879442,1.0,-4086.0,-3552.0,0.0128862857818603,0,True,47,33,True,123,32,0.7154901623725891,575.3892211914062,-13791.458464472174,2025-11-24 05:22:54
G6.txt,Gset,47,SpecAnn,0.9881183900504562,1.0,-4086.0,-3552.0,0.0129158496856689,0,True,47,33,True,124,32,0.7151073813438416,574.6402587890625,-13766.137937692696,2025-11-24 05:22:54
G6.txt,Gset,47,SpecAnn,0.9920947376656812,1.0,-4086.0,-3552.0,0.0129079818725585,0,True,47,33,True,125,32,0.7147254943847656,573.8953857421875,-13740.951720540645,2025-11-24 05:22:54
G6.txt,Gset,47,SpecAnn,0.9960552114476228,1.0,-4094.0,-3547.999999999999,0.0129468441009521,0,True,47,33,True,126,32,0.7143443822860718,573.1546630859375,-13715.898760842938,2025-11-24 05:22:54
G6.txt,Gset,47,SpecAnn,1.0,1.0,-4094.0,-3547.999999999999,0.0129058361053466,0,True,47,33,True,127,32,0.7139641642570496,572.4179077148438,-13690.97674842781,2025-11-24 05:22:54
G6.txt,Gset,48,SpecAnn,0.0,1.0,-4116.0,-3655.999999999999,0.0255031585693359,0,True,42,65,True,0,32,0.7922236323356628,800.0,-21231.593346595764,2025-11-24 05:22:55
G6.txt,Gset,48,SpecAnn,0.0887356509416113,1.0,-4080.0,-3646.0,0.0248470306396484,0,True,42,65,True,1,32,0.7865629196166992,776.031494140625,-20448.31952448294,2025-11-24 05:22:55
G6.txt,Gset,48,SpecAnn,0.1254911610276317,1.0,-4064.0,-3640.0,0.0129323005676269,0,True,42,33,True,2,32,0.7841535210609436,766.3468017578125,-20131.273688898083,2025-11-24 05:22:55
G6.txt,Gset,48,SpecAnn,0.1536946558735679,1.0,-4060.0,-3644.0,0.0130198001861572,0,True,42,33,True,3,32,0.7822783589363098,759.009765625,-19890.856614636898,2025-11-24 05:22:55
G6.txt,Gset,48,SpecAnn,0.1774713018832227,1.0,-4066.0,-3646.0,0.0130181312561035,0,True,42,33,True,4,32,0.7806798219680786,752.8873291015625,-19690.092192508502,2025-11-24 05:22:55
G6.txt,Gset,48,SpecAnn,0.1984189475331362,1.0,-4082.0,-3650.0,0.0129909515380859,0,True,42,33,True,5,32,0.7792577743530273,747.5404663085938,-19514.645120484376,2025-11-24 05:22:55
G6.txt,Gset,48,SpecAnn,0.2173570668006655,1.0,-4088.000000000001,-3658.0,0.0130798816680908,0,True,42,33,True,6,32,0.7779609560966492,742.7443237304688,-19357.17382152794,2025-11-24 05:22:55
G6.txt,Gset,48,SpecAnn,0.2347724648169381,1.0,-4110.0,-3644.0,0.0131812095642089,0,True,42,33,True,7,32,0.776759147644043,738.3651123046875,-19213.31715201022,2025-11-24 05:22:55
G6.txt,Gset,48,SpecAnn,0.2509823220552634,1.0,-4080.0,-3638.0,0.0131757259368896,0,True,42,33,True,8,32,0.7756322622299194,734.3157348632812,-19080.22564987159,2025-11-24 05:22:55
G6.txt,Gset,48,SpecAnn,0.2662069528248341,1.0,-4080.0,-3638.0,0.0131161212921142,0,True,42,33,True,9,32,0.7745667695999146,730.535888671875,-18955.93558274013,2025-11-24 05:22:55
G6.txt,Gset,48,SpecAnn,0.2806067666331568,1.0,-4090.0,-3656.0,0.0129637718200683,0,True,42,33,True,10,32,0.7735525369644165,726.9813842773438,-18839.002853477028,2025-11-24 05:22:55
G6.txt,Gset,48,SpecAnn,0.2943028597012718,1.0,-4074.0,-3658.0,0.013012409210205,0,True,42,33,True,11,32,0.772581934928894,723.619140625,-18728.34503982414,2025-11-24 05:22:55
G6.txt,Gset,48,SpecAnn,0.3073893117471359,1.0,-4074.0,-3658.0,0.0129556655883789,0,True,42,33,True,12,32,0.771649181842804,720.4234008789062,-18623.12328359872,2025-11-24 05:22:55
G6.txt,Gset,48,SpecAnn,0.3199409394316542,1.0,-4074.0,-3658.0,0.0129780769348144,0,True,42,33,True,13,32,0.7707496285438538,717.37353515625,-18522.66542258717,2025-11-24 05:22:55
G6.txt,Gset,48,SpecAnn,0.3320184038158743,1.0,-4078.0,-3670.0,0.0129539966583251,0,True,42,33,True,14,32,0.7698794603347778,714.4529418945312,-18426.42861890193,2025-11-24 05:22:55
G6.txt,Gset,48,SpecAnn,0.3436716983117353,1.0,-4078.0,-3670.0,0.0129258632659912,0,True,42,33,True,15,32,0.7690354585647583,711.6478881835938,-18333.962410868047,2025-11-24 05:22:55
G6.txt,Gset,48,SpecAnn,0.3549426037664455,1.0,-4078.0,-3675.999999999999,0.0130531787872314,0,True,42,33,True,16,32,0.7682153582572937,708.9470825195312,-18244.90523893736,2025-11-24 05:22:55
G6.txt,Gset,48,SpecAnn,0.3658664615902029,1.0,-4083.999999999999,-3668.0,0.0129721164703369,0,True,42,33,True,17,32,0.7674164772033691,706.3406372070312,-18158.9243576186,2025-11-24 05:22:55
G6.txt,Gset,48,SpecAnn,0.3764734830828951,1.0,-4083.999999999999,-3668.0,0.0129575729370117,0,True,42,33,True,18,32,0.7666372656822205,703.8204956054688,-18075.763179449743,2025-11-24 05:22:55
G6.txt,Gset,48,SpecAnn,0.3867897351437838,1.0,-4083.999999999999,-3668.0,0.0129156112670898,0,True,42,33,True,19,32,0.7658759355545044,701.3793334960938,-17995.18003286717,2025-11-24 05:22:55
G6.txt,Gset,48,SpecAnn,0.3968378950662725,1.0,-4098.0,-3658.000000000001,0.0129547119140625,0,True,42,33,True,20,32,0.7651312947273254,699.010986328125,-17916.978563428413,2025-11-24 05:22:55
G6.txt,Gset,48,SpecAnn,0.4066378372811136,1.0,-4080.0,-3664.0,0.0130696296691894,0,True,42,33,True,21,32,0.7644018530845642,696.7100830078125,-17840.977030214726,2025-11-24 05:22:55
G6.txt,Gset,48,SpecAnn,0.4162070956347247,1.0,-4080.0,-3664.0,0.0130069255828857,0,True,42,33,True,22,32,0.7636865377426147,694.4717407226562,-17767.017094291168,2025-11-24 05:22:55
G6.txt,Gset,48,SpecAnn,0.4255612320274539,1.0,-4112.000000000001,-3664.0,0.01296067237854,0,True,42,33,True,23,32,0.7629845142364502,692.2918090820312,-17694.965643687952,2025-11-24 05:22:55
G6.txt,Gset,48,SpecAnn,0.434714133601331,1.0,-4099.999999999999,-3670.0,0.0131909847259521,0,True,42,33,True,24,32,0.7622949481010437,690.1663818359375,-17624.69659846082,2025-11-24 05:22:55
G6.txt,Gset,48,SpecAnn,0.4436782547080569,1.0,-4099.999999999999,-3670.0,0.0132126808166503,0,True,42,33,True,25,32,0.7616168260574341,688.0921020507812,-17556.094513769985,2025-11-24 05:22:55
G6.txt,Gset,48,SpecAnn,0.4524648157026343,1.0,-4096.0,-3646.0,0.0131816864013671,0,True,42,33,True,26,32,0.7609496116638184,686.06591796875,-17489.063394112396,2025-11-24 05:22:55
G6.txt,Gset,48,SpecAnn,0.4610839676207039,1.0,-4088.0,-3646.0,0.0129477977752685,0,True,42,33,True,27,32,0.760292649269104,684.0850219726562,-17423.511258310285,2025-11-24 05:22:55
G6.txt,Gset,48,SpecAnn,0.4695449296338763,1.0,-4088.0,-3637.999999999999,0.0132398605346679,0,True,42,33,True,28,32,0.7596454620361328,682.14697265625,-17359.36004937021,2025-11-24 05:22:55
G6.txt,Gset,48,SpecAnn,0.4778561045889373,1.0,-4088.0,-3626.0,0.0131762027740478,0,True,42,33,True,29,32,0.759007453918457,680.2493896484375,-17296.530968432606,2025-11-24 05:22:55
G6.txt,Gset,48,SpecAnn,0.4860251767562508,1.0,-4088.0,-3626.0,0.0131537914276123,0,True,42,33,True,30,32,0.7583780288696289,678.39013671875,-17234.951852093684,2025-11-24 05:22:55
G6.txt,Gset,48,SpecAnn,0.4940591950252281,1.0,-4099.999999999999,-3618.0,0.0130398273468017,0,True,42,33,True,31,32,0.7577569484710693,676.5674438476562,-17174.568336443197,2025-11-24 05:22:55
G6.txt,Gset,48,SpecAnn,0.5019646441105269,1.0,-4099.999999999999,-3604.0,0.0129821300506591,0,True,42,33,True,32,32,0.7571436166763306,674.7794189453125,-17115.315145586726,2025-11-24 05:22:55
G6.txt,Gset,48,SpecAnn,0.5097475058154177,1.0,-4079.999999999999,-3620.0,0.01292085647583,0,True,42,33,True,33,32,0.7565377950668335,673.0243530273438,-17057.140062197224,2025-11-24 05:22:55
G6.txt,Gset,48,SpecAnn,0.51741331199832,1.0,-4102.0,-3618.0,0.0129129886627197,0,True,42,33,True,34,32,0.7559391260147095,671.3009643554688,-16999.999253638107,2025-11-24 05:22:55
G6.txt,Gset,48,SpecAnn,0.5249671905758515,1.0,-4102.0,-3618.0,0.0128681659698486,0,True,42,33,True,35,32,0.7553472518920898,669.6077270507812,-16943.842941862793,2025-11-24 05:22:55
G6.txt,Gset,48,SpecAnn,0.5324139056496683,1.0,-4102.0,-3612.0,0.0129168033599853,0,True,42,33,True,36,32,0.7547619342803955,667.9432983398438,-16888.62889079436,2025-11-24 05:22:55
G6.txt,Gset,48,SpecAnn,0.5397578926492556,1.0,-4102.0,-3590.0,0.0130262374877929,0,True,42,33,True,37,32,0.754182755947113,666.3064575195312,-16834.314154654174,2025-11-24 05:22:55
G6.txt,Gset,48,SpecAnn,0.5470032892270364,1.0,-4102.0,-3604.0,0.0130689144134521,0,True,42,33,True,38,32,0.7536097168922424,664.6963500976562,-16780.874545249455,2025-11-24 05:22:55
G6.txt,Gset,48,SpecAnn,0.554153962516942,1.0,-4102.0,-3604.0,0.0132308006286621,0,True,42,33,True,39,32,0.7530422210693359,663.111572265625,-16728.25887505547,2025-11-24 05:22:55
G6.txt,Gset,48,SpecAnn,0.5612135332663137,1.0,-4102.0,-3604.0,0.0131809711456298,0,True,42,33,True,40,32,0.7524803876876831,661.5512084960938,-16676.444379787263,2025-11-24 05:22:55
G6.txt,Gset,48,SpecAnn,0.5681853972686127,1.0,-4102.0,-3604.0,0.0130693912506103,0,True,42,33,True,41,32,0.7519237995147705,660.0144653320312,-16625.39958099022,2025-11-24 05:22:55
G6.txt,Gset,48,SpecAnn,0.5750727444570146,1.0,-4102.0,-3604.0,0.0129427909851074,0,True,42,33,True,42,32,0.7513723373413086,658.5004272460938,-16575.09667286495,2025-11-24 05:22:55
G6.txt,Gset,48,SpecAnn,0.5818785759635375,1.0,-4103.999999999999,-3601.9999999999995,0.0128877162933349,0,True,42,33,True,43,32,0.7508257627487183,657.0082397460938,-16525.506876775045,2025-11-24 05:22:55
G6.txt,Gset,48,SpecAnn,0.5886057194025436,1.0,-4103.999999999999,-3601.9999999999995,0.0129256248474121,0,True,42,33,True,44,32,0.7502840161323547,655.537109375,-16476.607007379935,2025-11-24 05:22:55
G6.txt,Gset,48,SpecAnn,0.5952568425994088,1.0,-4121.999999999999,-3596.0,0.0131399631500244,0,True,42,33,True,45,32,0.7497467994689941,654.08642578125,-16428.3733442378,2025-11-24 05:22:55
G6.txt,Gset,48,SpecAnn,0.6018344659534288,1.0,-4121.999999999999,-3596.0,0.0130980014801025,0,True,42,33,True,46,32,0.7492139935493469,652.6553955078125,-16380.78160187788,2025-11-24 05:22:55
G6.txt,Gset,48,SpecAnn,0.6083409735974393,1.0,-4121.999999999999,-3596.0,0.0132031440734863,0,True,42,33,True,47,32,0.7486854195594788,651.2433471679688,-16333.809353427294,2025-11-24 05:22:55
G6.txt,Gset,48,SpecAnn,0.6147786234942719,1.0,-4121.999999999999,-3590.0,0.0129637718200683,0,True,42,33,True,48,32,0.7481610774993896,649.849853515625,-16287.444281738864,2025-11-24 05:22:55
G6.txt,Gset,48,SpecAnn,0.6211495565912796,1.0,-4121.999999999999,-3590.0,0.0128428936004638,0,True,42,33,True,49,32,0.7476406693458557,648.4740600585938,-16241.65694057366,2025-11-24 05:22:55
G6.txt,Gset,48,SpecAnn,0.6274558051381586,1.0,-4121.999999999999,-3583.9999999999995,0.0128970146179199,0,True,42,33,True,50,32,0.7471242547035217,647.1156616210938,-16196.439514253809,2025-11-24 05:22:55
G6.txt,Gset,48,SpecAnn,0.6336993002596786,1.0,-4098.0,-3585.9999999999995,0.0129246711730957,0,True,42,33,True,51,32,0.746611475944519,645.7739868164062,-16151.76602568971,2025-11-24 05:22:55
G6.txt,Gset,48,SpecAnn,0.6398818788633085,1.0,-4092.0,-3597.9999999999995,0.0129539966583251,0,True,42,33,True,52,32,0.7461023926734924,644.4486083984375,-16107.625730819422,2025-11-24 05:22:55
G6.txt,Gset,48,SpecAnn,0.6460052899517691,1.0,-4086.0,-3601.9999999999995,0.0129022598266601,0,True,42,33,True,53,32,0.7455968260765076,643.138916015625,-16063.99820600244,2025-11-24 05:22:55
G6.txt,Gset,48,SpecAnn,0.6520712004019966,1.0,-4086.0,-3601.9999999999995,0.0129594802856445,0,True,42,33,True,54,32,0.7450946569442749,641.8446044921875,-16020.872010753948,2025-11-24 05:22:55
G6.txt,Gset,48,SpecAnn,0.6580812002646271,1.0,-4086.0,-3601.9999999999995,0.012963056564331,0,True,42,33,True,55,32,0.7445958256721497,640.5652465820312,-15978.233990633662,2025-11-24 05:22:55
G6.txt,Gset,48,SpecAnn,0.6640368076317485,1.0,-4098.0,-3600.0,0.0128724575042724,0,True,42,33,True,56,32,0.7441002726554871,639.3003540039062,-15936.069518722376,2025-11-24 05:22:55
G6.txt,Gset,48,SpecAnn,0.6699394731151429,1.0,-4096.0,-3600.0,0.0129015445709228,0,True,42,33,True,57,32,0.7436078786849976,638.049560546875,-15894.365787174249,2025-11-24 05:22:55
G6.txt,Gset,48,SpecAnn,0.6757905839724513,1.0,-4094.0,-3581.9999999999995,0.0129742622375488,0,True,42,33,True,58,32,0.7431184649467468,636.8125,-15853.108769873155,2025-11-24 05:22:55
G6.txt,Gset,48,SpecAnn,0.6815914679145113,1.0,-4094.0,-3581.9999999999995,0.0129241943359375,0,True,42,33,True,59,32,0.7426320910453796,635.5887451171875,-15812.288060848074,2025-11-24 05:22:55
G6.txt,Gset,48,SpecAnn,0.6873433966234707,1.0,-4094.0,-3581.9999999999995,0.0130202770233154,0,True,42,33,True,60,32,0.7421486377716064,634.378173828125,-15771.897067542508,2025-11-24 05:22:55
G6.txt,Gset,48,SpecAnn,0.6930475890080863,1.0,-4121.999999999999,-3575.9999999999995,0.012988805770874,0,True,42,33,True,61,32,0.7416679859161377,633.1800537109375,-15731.914067795107,2025-11-24 05:22:55
G6.txt,Gset,48,SpecAnn,0.6987052142198116,1.0,-4127.999999999999,-3580.0,0.0129768848419189,0,True,42,33,True,62,32,0.7411900758743286,631.9944458007812,-15692.338376380383,2025-11-24 05:22:55
G6.txt,Gset,48,SpecAnn,0.7043173944508145,1.0,-4130.0,-3590.0,0.0128703117370605,0,True,42,33,True,63,32,0.7407148480415344,630.82080078125,-15653.154175336109,2025-11-24 05:22:55
G6.txt,Gset,48,SpecAnn,0.709885207532891,1.0,-4130.0,-3590.0,0.0129270553588867,0,True,42,33,True,64,32,0.7402421832084656,629.6590576171875,-15614.356548832318,2025-11-24 05:22:55
G6.txt,Gset,48,SpecAnn,0.7154096893543218,1.0,-4130.0,-3590.0,0.013049840927124,0,True,42,33,True,65,32,0.7397722005844116,628.5087280273438,-15575.935041446468,2025-11-24 05:22:55
G6.txt,Gset,48,SpecAnn,0.7208918361100219,1.0,-4110.0,-3584.0,0.0129320621490478,0,True,42,33,True,66,32,0.7393046617507935,627.36962890625,-15537.879258257077,2025-11-24 05:22:55
G6.txt,Gset,48,SpecAnn,0.7263326063988248,1.0,-4110.0,-3584.0,0.0129387378692626,0,True,42,33,True,67,32,0.7388395071029663,626.2415771484375,-15500.18260928915,2025-11-24 05:22:56
G6.txt,Gset,48,SpecAnn,0.7317329231804058,1.0,-4088.0,-3582.0,0.0129287242889404,0,True,42,33,True,68,32,0.738376796245575,625.1240234375,-15462.831968344486,2025-11-24 05:22:56
G6.txt,Gset,48,SpecAnn,0.7370936756031579,1.0,-4088.0,-3582.0,0.0130238533020019,0,True,42,33,True,69,32,0.7379164099693298,624.0171508789062,-15425.828607151048,2025-11-24 05:22:56
G6.txt,Gset,48,SpecAnn,0.7424157207132704,1.0,-4088.0,-3582.0,0.0129749774932861,0,True,42,33,True,70,32,0.7374582290649414,622.92041015625,-15389.155714494877,2025-11-24 05:22:56
G6.txt,Gset,48,SpecAnn,0.7476998850543153,1.0,-4088.0,-3588.0,0.0128633975982666,0,True,42,33,True,71,32,0.7370022535324097,621.833740234375,-15352.811073819918,2025-11-24 05:22:56
G6.txt,Gset,48,SpecAnn,0.7529469661657903,1.0,-4088.0,-3588.0,0.0128891468048095,0,True,42,33,True,72,32,0.7365484833717346,620.7568969726562,-15316.787958759762,2025-11-24 05:22:56
G6.txt,Gset,48,SpecAnn,0.7581577339883167,1.0,-4088.0,-3593.9999999999995,0.0129814147949218,0,True,42,33,True,73,32,0.7360968589782715,619.6895751953125,-15281.076919735438,2025-11-24 05:22:56
G6.txt,Gset,48,SpecAnn,0.7633329321824984,1.0,-4088.0,-3593.9999999999995,0.0128741264343261,0,True,42,33,True,74,32,0.7356472611427307,618.6317138671875,-15245.673319741403,2025-11-24 05:22:56
G6.txt,Gset,48,SpecAnn,0.7684732793678399,1.0,-4088.000000000001,-3582.0000000000005,0.0129964351654052,0,True,42,33,True,75,32,0.7351996898651123,617.5830078125,-15210.568999625391,2025-11-24 05:22:56
G6.txt,Gset,48,SpecAnn,0.7735794702875677,1.0,-4088.000000000001,-3582.0000000000005,0.0128765106201171,0,True,42,33,True,76,32,0.7347541451454163,616.5432739257812,-15175.758826979536,2025-11-24 05:22:56
G6.txt,Gset,48,SpecAnn,0.7786521769046981,1.0,-4088.000000000001,-3582.0000000000005,0.0129413604736328,0,True,42,33,True,77,32,0.734310507774353,615.5123901367188,-15141.236727380438,2025-11-24 05:22:56
G6.txt,Gset,48,SpecAnn,0.7836920494342511,1.0,-4090.0,-3582.0,0.0130598545074462,0,True,42,33,True,78,32,0.7338687777519226,614.490234375,-15106.99910758267,2025-11-24 05:22:56
G6.txt,Gset,48,SpecAnn,0.788699717316095,1.0,-4090.0,-3582.0,0.0128915309906005,0,True,42,33,True,79,32,0.733428955078125,613.4764404296875,-15073.036386424676,2025-11-24 05:22:56
G6.txt,Gset,48,SpecAnn,0.7936757901325451,1.0,-4090.0,-3582.0,0.0129189491271972,0,True,42,33,True,80,32,0.7329909205436707,612.4710693359375,-15039.347052783658,2025-11-24 05:22:56
G6.txt,Gset,48,SpecAnn,0.7986208584745024,1.0,-4090.0,-3582.0,0.0131011009216308,0,True,42,33,True,81,32,0.7325546145439148,611.4737548828125,-15005.920347198617,2025-11-24 05:22:56
G6.txt,Gset,48,SpecAnn,0.803535494759617,1.0,-4090.0,-3582.0,0.0130228996276855,0,True,42,33,True,82,32,0.732120156288147,610.4845581054688,-14972.75967807115,2025-11-24 05:22:56
G6.txt,Gset,48,SpecAnn,0.8084202540056837,1.0,-4098.0,-3565.9999999999995,0.012948989868164,0,True,42,33,True,83,32,0.7316874265670776,609.5030517578125,-14939.851600752714,2025-11-24 05:22:56
G6.txt,Gset,48,SpecAnn,0.8132756745622272,1.0,-4098.0,-3565.9999999999995,0.013028860092163,0,True,42,33,True,84,32,0.731256365776062,608.5294189453125,-14907.198880753223,2025-11-24 05:22:56
G6.txt,Gset,48,SpecAnn,0.8181022788030096,1.0,-4097.999999999999,-3548.0,0.0131087303161621,0,True,42,33,True,85,32,0.7308269143104553,607.5632934570312,-14874.790834684243,2025-11-24 05:22:56
G6.txt,Gset,48,SpecAnn,0.822900573781978,1.0,-4097.999999999999,-3548.0,0.0130586624145507,0,True,42,33,True,86,32,0.7303991317749023,606.6046142578125,-14842.62670008262,2025-11-24 05:22:56
G6.txt,Gset,48,SpecAnn,0.8276710518549868,1.0,-4097.999999999999,-3548.0,0.0131103992462158,0,True,42,33,True,87,32,0.7299729585647583,605.653076171875,-14810.697323880522,2025-11-24 05:22:56
G6.txt,Gset,48,SpecAnn,0.8324141912694495,1.0,-4097.999999999999,-3548.0,0.0128414630889892,0,True,42,33,True,88,32,0.7295483350753784,604.7089233398438,-14779.007005631556,2025-11-24 05:22:56
G6.txt,Gset,48,SpecAnn,0.8371304567239225,1.0,-4097.999999999999,-3548.0,0.0128755569458007,0,True,42,33,True,89,32,0.7291252613067627,603.7716674804688,-14747.543356514108,2025-11-24 05:22:56
G6.txt,Gset,48,SpecAnn,0.8418202998994706,1.0,-4097.999999999999,-3548.0,0.0128936767578125,0,True,42,33,True,90,32,0.7287036180496216,602.8414916992188,-14716.30799974033,2025-11-24 05:22:56
G6.txt,Gset,48,SpecAnn,0.846484159964536,1.0,-4097.999999999999,-3548.0,0.0129129886627197,0,True,42,33,True,91,32,0.7282835245132446,601.91796875,-14685.292481594952,2025-11-24 05:22:56
G6.txt,Gset,48,SpecAnn,0.8511224640549078,1.0,-4097.999999999999,-3548.0,0.0129003524780273,0,True,42,33,True,92,32,0.7278648614883423,601.001220703125,-14654.496953757058,2025-11-24 05:22:56
G6.txt,Gset,48,SpecAnn,0.8557356277302758,1.0,-4116.0,-3545.9999999999995,0.0129868984222412,0,True,42,33,True,93,32,0.7274476289749146,600.0910034179688,-14623.915049786889,2025-11-24 05:22:56
G6.txt,Gset,48,SpecAnn,0.8603240554087516,1.0,-4116.0,-3546.0,0.0129261016845703,0,True,42,33,True,94,32,0.7270317673683167,599.1871948242188,-14593.542195456774,2025-11-24 05:22:56
G6.txt,Gset,48,SpecAnn,0.86488814078064,1.0,-4116.0,-3546.0,0.0128653049468994,0,True,42,33,True,95,32,0.7266173362731934,598.2899169921875,-14563.382164433104,2025-11-24 05:22:56
G6.txt,Gset,48,SpecAnn,0.8694282672026621,1.0,-4094.000000000001,-3571.9999999999995,0.0128722190856933,0,True,42,33,True,96,32,0.7262042164802551,597.398681640625,-14533.42029116011,2025-11-24 05:22:56
G6.txt,Gset,48,SpecAnn,0.8739448080737451,1.0,-4090.0,-3582.0,0.0130755901336669,0,True,42,33,True,97,32,0.7257924675941467,596.5137939453125,-14503.664818460744,2025-11-24 05:22:56
G6.txt,Gset,48,SpecAnn,0.878438127193422,1.0,-4099.999999999999,-3587.9999999999995,0.0131504535675048,0,True,42,33,True,98,32,0.7253819704055786,595.6348876953125,-14474.1040840375,2025-11-24 05:22:56
G6.txt,Gset,48,SpecAnn,0.8829085791038153,1.0,-4096.0,-3582.0,0.0128965377807617,0,True,42,33,True,99,32,0.7249728441238403,594.7619018554688,-14444.73862341623,2025-11-24 05:22:56
G6.txt,Gset,48,SpecAnn,0.8873565094161138,1.0,-4096.0,-3582.0,0.012944221496582,0,True,42,33,True,100,32,0.7245649099349976,593.894775390625,-14415.563033799424,2025-11-24 05:22:56
G6.txt,Gset,48,SpecAnn,0.8917822551223932,1.0,-4110.0,-3580.0,0.0130369663238525,0,True,42,33,True,101,32,0.7241582870483398,593.0335693359375,-14386.580820037923,2025-11-24 05:22:56
G6.txt,Gset,48,SpecAnn,0.8961861448935777,1.0,-4110.0,-3580.0,0.0131306648254394,0,True,42,33,True,102,32,0.7237528562545776,592.1779174804688,-14357.780382777124,2025-11-24 05:22:56
G6.txt,Gset,48,SpecAnn,0.9005684993642872,1.0,-4110.0,-3580.0,0.0131316184997558,0,True,42,33,True,103,32,0.7233486175537109,591.3279418945312,-14329.164351224725,2025-11-24 05:22:56
G6.txt,Gset,48,SpecAnn,0.9049296314052688,1.0,-4110.0,-3580.0,0.0130031108856201,0,True,42,33,True,104,32,0.7229455709457397,590.4835205078125,-14300.729436563626,2025-11-24 05:22:56
G6.txt,Gset,48,SpecAnn,0.9092698463840684,1.0,-4110.0,-3580.0,0.0128555297851562,0,True,42,33,True,105,32,0.7225436568260193,589.6444702148438,-14272.46970316518,2025-11-24 05:22:56
G6.txt,Gset,48,SpecAnn,0.9135894424145556,1.0,-4105.999999999999,-3580.0,0.0129454135894775,0,True,42,33,True,106,32,0.7221429347991943,588.810791015625,-14244.38601429286,2025-11-24 05:22:56
G6.txt,Gset,48,SpecAnn,0.9178887105958816,1.0,-4114.0,-3571.9999999999995,0.012873888015747,0,True,42,33,True,107,32,0.7217433452606201,587.982421875,-14216.475403969876,2025-11-24 05:22:56
G6.txt,Gset,48,SpecAnn,0.922167935241408,1.0,-4114.0,-3571.9999999999995,0.0129566192626953,0,True,42,33,True,108,32,0.7213448882102966,587.1591796875,-14188.733139916529,2025-11-24 05:22:56
G6.txt,Gset,48,SpecAnn,0.92642739409812,1.0,-4083.999999999999,-3583.9999999999995,0.0129013061523437,0,True,42,33,True,109,32,0.7209474444389343,586.3411254882812,-14161.158055672531,2025-11-24 05:22:56
G6.txt,Gset,48,SpecAnn,0.9306673585570006,1.0,-4088.0,-3583.9999999999995,0.0128817558288574,0,True,42,33,True,110,32,0.7205511331558228,585.5281372070312,-14133.749252431338,2025-11-24 05:22:56
G6.txt,Gset,48,SpecAnn,0.9348880938548184,1.0,-4088.0,-3583.9999999999995,0.0129141807556152,0,True,42,33,True,111,32,0.7201558947563171,584.72021484375,-14106.505268347377,2025-11-24 05:22:56
G6.txt,Gset,48,SpecAnn,0.9390898592677528,1.0,-4100.0,-3580.0,0.0129146575927734,0,True,42,33,True,112,32,0.7197616696357727,583.9171142578125,-14079.41876241803,2025-11-24 05:22:56
G6.txt,Gset,48,SpecAnn,0.9432729082972536,1.0,-4108.0,-3560.0000000000005,0.0129082202911376,0,True,42,33,True,113,32,0.7193685173988342,583.1188354492188,-14052.490626168716,2025-11-24 05:22:56
G6.txt,Gset,48,SpecAnn,0.9474374888485204,1.0,-4108.0,-3560.0000000000005,0.0129814147949218,0,True,42,33,True,114,32,0.7189763784408569,582.325439453125,-14025.720890321609,2025-11-24 05:22:56
G6.txt,Gset,48,SpecAnn,0.9515838434019476,1.0,-4108.0,-3560.0000000000005,0.0128216743469238,0,True,42,33,True,115,32,0.718585193157196,581.53662109375,-13999.100774087288,2025-11-24 05:22:56
G6.txt,Gset,48,SpecAnn,0.9557122091778746,1.0,-4084.0,-3553.9999999999995,0.0128922462463378,0,True,42,33,True,116,32,0.7181950211524963,580.7525634765625,-13972.635586948943,2025-11-24 05:22:56
G6.txt,Gset,48,SpecAnn,0.9598228182949629,1.0,-4084.0,-3553.9999999999995,0.0128476619720458,0,True,42,33,True,117,32,0.717805802822113,579.9730224609375,-13946.318033591811,2025-11-24 05:22:56
G6.txt,Gset,48,SpecAnn,0.963915897922488,1.0,-4084.0,-3553.9999999999995,0.0128827095031738,0,True,42,33,True,118,32,0.7174175381660461,579.1980590820312,-13920.14932951563,2025-11-24 05:22:56
G6.txt,Gset,48,SpecAnn,0.967991670426842,1.0,-4094.0,-3556.0,0.0128400325775146,0,True,42,33,True,119,32,0.7170302271842957,578.4275512695312,-13894.126289631002,2025-11-24 05:22:56
G6.txt,Gset,48,SpecAnn,0.9720503535125016,1.0,-4094.0,-3552.0,0.0128731727600097,0,True,42,33,True,120,32,0.7166438698768616,577.6614990234375,-13868.248666657342,2025-11-24 05:22:56
G6.txt,Gset,48,SpecAnn,0.9760921603577252,1.0,-4094.0,-3552.0,0.0128498077392578,0,True,42,33,True,121,32,0.7162584066390991,576.8997802734375,-13842.512133204807,2025-11-24 05:22:56
G6.txt,Gset,48,SpecAnn,0.9801172997452104,1.0,-4094.0,-3552.0,0.013005256652832,0,True,42,33,True,122,32,0.7158738374710083,576.1423950195312,-13816.916452954374,2025-11-24 05:22:56
G6.txt,Gset,48,SpecAnn,0.9841259761879442,1.0,-4094.0,-3552.0,0.0130829811096191,0,True,42,33,True,123,32,0.7154901027679443,575.3892211914062,-13791.457315560525,2025-11-24 05:22:56
G6.txt,Gset,48,SpecAnn,0.9881183900504562,1.0,-4094.0,-3552.0,0.0130896568298339,0,True,42,33,True,124,32,0.7151073813438416,574.6402587890625,-13766.137937692696,2025-11-24 05:22:56
G6.txt,Gset,48,SpecAnn,0.9920947376656812,1.0,-4094.0,-3552.0,0.0129082202911376,0,True,42,33,True,125,32,0.7147254943847656,573.8953857421875,-13740.951720540645,2025-11-24 05:22:56
G6.txt,Gset,48,SpecAnn,0.9960552114476228,1.0,-4095.999999999999,-3547.999999999999,0.0128717422485351,0,True,42,33,True,126,32,0.7143443822860718,573.1546630859375,-13715.898760842938,2025-11-24 05:22:56
G6.txt,Gset,48,SpecAnn,1.0,1.0,-4095.999999999999,-3547.999999999999,0.0127894878387451,0,True,42,33,True,127,32,0.7139641642570496,572.4179077148438,-13690.97674842781,2025-11-24 05:22:56
G6.txt,Gset,49,SpecAnn,0.0,1.0,-4130.0,-3655.999999999999,0.0255787372589111,0,True,50,65,True,0,32,0.7922235727310181,800.0,-21231.591749191284,2025-11-24 05:22:56
G6.txt,Gset,49,SpecAnn,0.0887356509416113,1.0,-4094.0,-3646.0,0.0247111320495605,0,True,50,65,True,1,32,0.786562979221344,776.031494140625,-20448.32107402817,2025-11-24 05:22:56
G6.txt,Gset,49,SpecAnn,0.1254911610276317,1.0,-4080.0,-3640.0,0.0128545761108398,0,True,50,33,True,2,32,0.7841534614562988,766.3468017578125,-20131.272158690816,2025-11-24 05:22:56
G6.txt,Gset,49,SpecAnn,0.1536946558735679,1.0,-4107.999999999999,-3644.0,0.0129485130310058,0,True,50,33,True,3,32,0.7822783589363098,759.009765625,-19890.856614636898,2025-11-24 05:22:57
G6.txt,Gset,49,SpecAnn,0.1774713018832227,1.0,-4098.0,-3646.0,0.0129158496856689,0,True,50,33,True,4,32,0.7806798815727234,752.8873291015625,-19690.093695840496,2025-11-24 05:22:57
G6.txt,Gset,49,SpecAnn,0.1984189475331362,1.0,-4098.0,-3650.0,0.0129032135009765,0,True,50,33,True,5,32,0.7792577743530273,747.5404663085938,-19514.645120484376,2025-11-24 05:22:57
G6.txt,Gset,49,SpecAnn,0.2173570668006655,1.0,-4100.0,-3658.0,0.0129132270812988,0,True,50,33,True,6,32,0.777961015701294,742.7443237304688,-19357.175304606822,2025-11-24 05:22:57
G6.txt,Gset,49,SpecAnn,0.2347724648169381,1.0,-4097.999999999999,-3644.0,0.0130314826965332,0,True,50,33,True,7,32,0.776759147644043,738.3651123046875,-19213.31715201022,2025-11-24 05:22:57
G6.txt,Gset,49,SpecAnn,0.2509823220552634,1.0,-4099.999999999999,-3638.0,0.0128724575042724,0,True,50,33,True,8,32,0.7756322622299194,734.3157348632812,-19080.22564987159,2025-11-24 05:22:57
G6.txt,Gset,49,SpecAnn,0.2662069528248341,1.0,-4099.999999999999,-3638.0,0.0128266811370849,0,True,50,33,True,9,32,0.7745667695999146,730.535888671875,-18955.93558274013,2025-11-24 05:22:57
G6.txt,Gset,49,SpecAnn,0.2806067666331568,1.0,-4074.0,-3656.0,0.0129446983337402,0,True,50,33,True,10,32,0.7735525369644165,726.9813842773438,-18839.002853477028,2025-11-24 05:22:57
G6.txt,Gset,49,SpecAnn,0.2943028597012718,1.0,-4110.0,-3658.0,0.0128982067108154,0,True,50,33,True,11,32,0.772581934928894,723.619140625,-18728.34503982414,2025-11-24 05:22:57
G6.txt,Gset,49,SpecAnn,0.3073893117471359,1.0,-4110.0,-3658.0,0.0128800868988037,0,True,50,33,True,12,32,0.7716491222381592,720.4234008789062,-18623.121845089256,2025-11-24 05:22:57
G6.txt,Gset,49,SpecAnn,0.3199409394316542,1.0,-4110.0,-3658.0,0.0129323005676269,0,True,50,33,True,13,32,0.7707496285438538,717.37353515625,-18522.66542258717,2025-11-24 05:22:57
G6.txt,Gset,49,SpecAnn,0.3320184038158743,1.0,-4066.0,-3670.0,0.0129990577697753,0,True,50,33,True,14,32,0.7698794603347778,714.4529418945312,-18426.42861890193,2025-11-24 05:22:57
G6.txt,Gset,49,SpecAnn,0.3436716983117353,1.0,-4066.0,-3670.0,0.0128571987152099,0,True,50,33,True,15,32,0.7690354585647583,711.6478881835938,-18333.962410868047,2025-11-24 05:22:57
G6.txt,Gset,49,SpecAnn,0.3549426037664455,1.0,-4082.0,-3675.999999999999,0.0129168033599853,0,True,50,33,True,16,32,0.7682152986526489,708.9470825195312,-18244.903823343306,2025-11-24 05:22:57
G6.txt,Gset,49,SpecAnn,0.3658664615902029,1.0,-4092.0,-3668.0,0.012869119644165,0,True,50,33,True,17,32,0.7674164772033691,706.3406372070312,-18158.9243576186,2025-11-24 05:22:57
G6.txt,Gset,49,SpecAnn,0.3764734830828951,1.0,-4092.0,-3668.0,0.0128829479217529,0,True,50,33,True,18,32,0.7666372656822205,703.8204956054688,-18075.763179449743,2025-11-24 05:22:57
G6.txt,Gset,49,SpecAnn,0.3867897351437838,1.0,-4092.0,-3668.0,0.0129973888397216,0,True,50,33,True,19,32,0.7658759355545044,701.3793334960938,-17995.18003286717,2025-11-24 05:22:57
G6.txt,Gset,49,SpecAnn,0.3968378950662725,1.0,-4110.0,-3658.000000000001,0.0128905773162841,0,True,50,33,True,20,32,0.7651312947273254,699.010986328125,-17916.978563428413,2025-11-24 05:22:57
G6.txt,Gset,49,SpecAnn,0.4066378372811136,1.0,-4092.0,-3664.0,0.0129294395446777,0,True,50,33,True,21,32,0.7644018530845642,696.7100830078125,-17840.977030214726,2025-11-24 05:22:57
G6.txt,Gset,49,SpecAnn,0.4162070956347247,1.0,-4092.0,-3664.0,0.0131342411041259,0,True,50,33,True,22,32,0.7636865377426147,694.4717407226562,-17767.017094291168,2025-11-24 05:22:57
G6.txt,Gset,49,SpecAnn,0.4255612320274539,1.0,-4092.000000000001,-3664.0,0.0131404399871826,0,True,50,33,True,23,32,0.7629845142364502,692.2918090820312,-17694.965643687952,2025-11-24 05:22:57
G6.txt,Gset,49,SpecAnn,0.434714133601331,1.0,-4098.0,-3670.0,0.013077974319458,0,True,50,33,True,24,32,0.7622948884963989,690.1663818359375,-17624.695220367234,2025-11-24 05:22:57
G6.txt,Gset,49,SpecAnn,0.4436782547080569,1.0,-4098.0,-3670.0,0.0129563808441162,0,True,50,33,True,25,32,0.7616168260574341,688.0921020507812,-17556.094513769985,2025-11-24 05:22:57
G6.txt,Gset,49,SpecAnn,0.4524648157026343,1.0,-4099.999999999998,-3646.0,0.0129797458648681,0,True,50,33,True,26,32,0.7609496116638184,686.06591796875,-17489.063394112396,2025-11-24 05:22:57
G6.txt,Gset,49,SpecAnn,0.4610839676207039,1.0,-4098.0,-3646.0,0.0129692554473876,0,True,50,33,True,27,32,0.760292649269104,684.0850219726562,-17423.511258310285,2025-11-24 05:22:57
G6.txt,Gset,49,SpecAnn,0.4695449296338763,1.0,-4098.0,-3637.999999999999,0.0129954814910888,0,True,50,33,True,28,32,0.7596454620361328,682.14697265625,-17359.36004937021,2025-11-24 05:22:57
G6.txt,Gset,49,SpecAnn,0.4778561045889373,1.0,-4098.0,-3626.0,0.0131292343139648,0,True,50,33,True,29,32,0.759007453918457,680.2493896484375,-17296.530968432606,2025-11-24 05:22:57
G6.txt,Gset,49,SpecAnn,0.4860251767562508,1.0,-4098.0,-3626.0,0.0130441188812255,0,True,50,33,True,30,32,0.7583780288696289,678.39013671875,-17234.951852093684,2025-11-24 05:22:57
G6.txt,Gset,49,SpecAnn,0.4940591950252281,1.0,-4100.0,-3618.0,0.0129597187042236,0,True,50,33,True,31,32,0.7577569484710693,676.5674438476562,-17174.568336443197,2025-11-24 05:22:57
G6.txt,Gset,49,SpecAnn,0.5019646441105269,1.0,-4090.000000000001,-3604.0,0.012923240661621,0,True,50,33,True,32,32,0.7571436166763306,674.7794189453125,-17115.315145586726,2025-11-24 05:22:57
G6.txt,Gset,49,SpecAnn,0.5097475058154177,1.0,-4088.0,-3620.0,0.0130114555358886,0,True,50,33,True,33,32,0.7565377950668335,673.0243530273438,-17057.140062197224,2025-11-24 05:22:57
G6.txt,Gset,49,SpecAnn,0.51741331199832,1.0,-4082.000000000001,-3618.0,0.0129966735839843,0,True,50,33,True,34,32,0.7559391260147095,671.3009643554688,-16999.999253638107,2025-11-24 05:22:57
G6.txt,Gset,49,SpecAnn,0.5249671905758515,1.0,-4082.000000000001,-3618.0,0.0130314826965332,0,True,50,33,True,35,32,0.7553472518920898,669.6077270507812,-16943.842941862793,2025-11-24 05:22:57
G6.txt,Gset,49,SpecAnn,0.5324139056496683,1.0,-4082.0,-3612.0,0.0130348205566406,0,True,50,33,True,36,32,0.7547619342803955,667.9432983398438,-16888.62889079436,2025-11-24 05:22:57
G6.txt,Gset,49,SpecAnn,0.5397578926492556,1.0,-4087.999999999999,-3590.0,0.0129344463348388,0,True,50,33,True,37,32,0.7541828155517578,666.3064575195312,-16834.315485105326,2025-11-24 05:22:57
G6.txt,Gset,49,SpecAnn,0.5470032892270364,1.0,-4082.0,-3604.0,0.0129570960998535,0,True,50,33,True,38,32,0.7536096572875977,664.6963500976562,-16780.873218013294,2025-11-24 05:22:57
G6.txt,Gset,49,SpecAnn,0.554153962516942,1.0,-4082.0,-3604.0,0.0131106376647949,0,True,50,33,True,39,32,0.7530422806739807,663.111572265625,-16728.260199127217,2025-11-24 05:22:57
G6.txt,Gset,49,SpecAnn,0.5612135332663137,1.0,-4082.0,-3604.0,0.0130932331085205,0,True,50,33,True,40,32,0.7524803876876831,661.5512084960938,-16676.444379787263,2025-11-24 05:22:57
G6.txt,Gset,49,SpecAnn,0.5681853972686127,1.0,-4082.0,-3604.0,0.0129587650299072,0,True,50,33,True,41,32,0.7519237995147705,660.0144653320312,-16625.39958099022,2025-11-24 05:22:57
G6.txt,Gset,49,SpecAnn,0.5750727444570146,1.0,-4082.0,-3604.0,0.0130488872528076,0,True,50,33,True,42,32,0.7513723373413086,658.5004272460938,-16575.09667286495,2025-11-24 05:22:57
G6.txt,Gset,49,SpecAnn,0.5818785759635375,1.0,-4106.0,-3601.9999999999995,0.0130925178527832,0,True,50,33,True,43,32,0.7508257627487183,657.0082397460938,-16525.506876775045,2025-11-24 05:22:57
G6.txt,Gset,49,SpecAnn,0.5886057194025436,1.0,-4106.0,-3601.9999999999995,0.0130984783172607,0,True,50,33,True,44,32,0.7502840161323547,655.537109375,-16476.607007379935,2025-11-24 05:22:57
G6.txt,Gset,49,SpecAnn,0.5952568425994088,1.0,-4090.000000000001,-3596.0,0.0131459236145019,0,True,50,33,True,45,32,0.7497467994689941,654.08642578125,-16428.3733442378,2025-11-24 05:22:57
G6.txt,Gset,49,SpecAnn,0.6018344659534288,1.0,-4090.000000000001,-3596.0,0.012822151184082,0,True,50,33,True,46,32,0.7492139935493469,652.6553955078125,-16380.78160187788,2025-11-24 05:22:57
G6.txt,Gset,49,SpecAnn,0.6083409735974393,1.0,-4090.000000000001,-3596.0,0.012930154800415,0,True,50,33,True,47,32,0.7486854195594788,651.2433471679688,-16333.809353427294,2025-11-24 05:22:57
G6.txt,Gset,49,SpecAnn,0.6147786234942719,1.0,-4094.0,-3590.0,0.0128839015960693,0,True,50,33,True,48,32,0.7481610774993896,649.849853515625,-16287.444281738864,2025-11-24 05:22:57
G6.txt,Gset,49,SpecAnn,0.6211495565912796,1.0,-4094.0,-3590.0,0.0128500461578369,0,True,50,33,True,49,32,0.7476406693458557,648.4740600585938,-16241.65694057366,2025-11-24 05:22:57
G6.txt,Gset,49,SpecAnn,0.6274558051381586,1.0,-4090.0,-3583.9999999999995,0.0129635334014892,0,True,50,33,True,50,32,0.7471242547035217,647.1156616210938,-16196.439514253809,2025-11-24 05:22:57
G6.txt,Gset,49,SpecAnn,0.6336993002596786,1.0,-4083.999999999999,-3585.9999999999995,0.0128438472747802,0,True,50,33,True,51,32,0.746611475944519,645.7739868164062,-16151.76602568971,2025-11-24 05:22:57
G6.txt,Gset,49,SpecAnn,0.6398818788633085,1.0,-4097.999999999999,-3597.9999999999995,0.012967824935913,0,True,50,33,True,52,32,0.7461023926734924,644.4486083984375,-16107.625730819422,2025-11-24 05:22:57
G6.txt,Gset,49,SpecAnn,0.6460052899517691,1.0,-4092.0,-3601.9999999999995,0.0131418704986572,0,True,50,33,True,53,32,0.7455967664718628,643.138916015625,-16063.99692181121,2025-11-24 05:22:57
G6.txt,Gset,49,SpecAnn,0.6520712004019966,1.0,-4092.0,-3601.9999999999995,0.0131006240844726,0,True,50,33,True,54,32,0.7450946569442749,641.8446044921875,-16020.872010753948,2025-11-24 05:22:57
G6.txt,Gset,49,SpecAnn,0.6580812002646271,1.0,-4092.0,-3601.9999999999995,0.0129802227020263,0,True,50,33,True,55,32,0.7445958256721497,640.5652465820312,-15978.233990633662,2025-11-24 05:22:57
G6.txt,Gset,49,SpecAnn,0.6640368076317485,1.0,-4090.0,-3600.0,0.0128576755523681,0,True,50,33,True,56,32,0.7441002726554871,639.3003540039062,-15936.069518722376,2025-11-24 05:22:57
G6.txt,Gset,49,SpecAnn,0.6699394731151429,1.0,-4092.0,-3600.0,0.012862205505371,0,True,50,33,True,57,32,0.7436078786849976,638.049560546875,-15894.365787174249,2025-11-24 05:22:57
G6.txt,Gset,49,SpecAnn,0.6757905839724513,1.0,-4096.0,-3581.9999999999995,0.0130078792572021,0,True,50,33,True,58,32,0.7431184649467468,636.8125,-15853.108769873155,2025-11-24 05:22:57
G6.txt,Gset,49,SpecAnn,0.6815914679145113,1.0,-4096.0,-3581.9999999999995,0.013118028640747,0,True,50,33,True,59,32,0.7426320910453796,635.5887451171875,-15812.288060848074,2025-11-24 05:22:57
G6.txt,Gset,49,SpecAnn,0.6873433966234707,1.0,-4096.0,-3581.9999999999995,0.0131809711456298,0,True,50,33,True,60,32,0.7421486377716064,634.378173828125,-15771.897067542508,2025-11-24 05:22:57
G6.txt,Gset,49,SpecAnn,0.6930475890080863,1.0,-4104.0,-3575.9999999999995,0.01310396194458,0,True,50,33,True,61,32,0.7416679859161377,633.1800537109375,-15731.914067795107,2025-11-24 05:22:57
G6.txt,Gset,49,SpecAnn,0.6987052142198116,1.0,-4097.999999999999,-3580.0,0.0130143165588378,0,True,50,33,True,62,32,0.7411900758743286,631.9944458007812,-15692.338376380383,2025-11-24 05:22:57
G6.txt,Gset,49,SpecAnn,0.7043173944508145,1.0,-4084.0,-3590.0,0.0130016803741455,0,True,50,33,True,63,32,0.7407148480415344,630.82080078125,-15653.154175336109,2025-11-24 05:22:57
G6.txt,Gset,49,SpecAnn,0.709885207532891,1.0,-4084.0,-3590.0,0.0128481388092041,0,True,50,33,True,64,32,0.7402422428131104,629.6590576171875,-15614.357806107568,2025-11-24 05:22:57
G6.txt,Gset,49,SpecAnn,0.7154096893543218,1.0,-4084.0,-3590.0,0.0128939151763916,0,True,50,33,True,65,32,0.7397722005844116,628.5087280273438,-15575.935041446468,2025-11-24 05:22:57
G6.txt,Gset,49,SpecAnn,0.7208918361100219,1.0,-4090.0,-3584.0,0.01283860206604,0,True,50,33,True,66,32,0.7393046617507935,627.36962890625,-15537.879258257077,2025-11-24 05:22:57
G6.txt,Gset,49,SpecAnn,0.7263326063988248,1.0,-4090.0,-3584.0,0.0129001140594482,0,True,50,33,True,67,32,0.7388395071029663,626.2415771484375,-15500.18260928915,2025-11-24 05:22:57
G6.txt,Gset,49,SpecAnn,0.7317329231804058,1.0,-4102.0,-3582.0,0.0129597187042236,0,True,50,33,True,68,32,0.7383767366409302,625.1240234375,-15462.830720124592,2025-11-24 05:22:57
G6.txt,Gset,49,SpecAnn,0.7370936756031579,1.0,-4102.0,-3582.0,0.0128169059753417,0,True,50,33,True,69,32,0.7379164099693298,624.0171508789062,-15425.828607151048,2025-11-24 05:22:57
G6.txt,Gset,49,SpecAnn,0.7424157207132704,1.0,-4102.0,-3582.0,0.0128319263458251,0,True,50,33,True,70,32,0.7374582290649414,622.92041015625,-15389.155714494877,2025-11-24 05:22:57
G6.txt,Gset,49,SpecAnn,0.7476998850543153,1.0,-4102.0,-3588.0,0.0128014087677001,0,True,50,33,True,71,32,0.7370022535324097,621.833740234375,-15352.811073819918,2025-11-24 05:22:57
G6.txt,Gset,49,SpecAnn,0.7529469661657903,1.0,-4102.0,-3588.0,0.0127873420715332,0,True,50,33,True,72,32,0.7365484833717346,620.7568969726562,-15316.787958759762,2025-11-24 05:22:57
G6.txt,Gset,49,SpecAnn,0.7581577339883167,1.0,-4087.999999999999,-3593.9999999999995,0.0128278732299804,0,True,50,33,True,73,32,0.7360968589782715,619.6895751953125,-15281.076919735438,2025-11-24 05:22:57
G6.txt,Gset,49,SpecAnn,0.7633329321824984,1.0,-4087.999999999999,-3593.9999999999995,0.0128917694091796,0,True,50,33,True,74,32,0.7356472015380859,618.6317138671875,-15245.672084485064,2025-11-24 05:22:57
G6.txt,Gset,49,SpecAnn,0.7684732793678399,1.0,-4084.0,-3582.0000000000005,0.0129995346069335,0,True,50,33,True,75,32,0.7351996898651123,617.5830078125,-15210.568999625391,2025-11-24 05:22:57
G6.txt,Gset,49,SpecAnn,0.7735794702875677,1.0,-4084.0,-3582.0000000000005,0.0129587650299072,0,True,50,33,True,76,32,0.7347540855407715,616.5432739257812,-15175.7575958933,2025-11-24 05:22:57
G6.txt,Gset,49,SpecAnn,0.7786521769046981,1.0,-4084.0,-3582.0000000000005,0.0129530429840087,0,True,50,33,True,77,32,0.734310507774353,615.5123901367188,-15141.236727380438,2025-11-24 05:22:57
G6.txt,Gset,49,SpecAnn,0.7836920494342511,1.0,-4112.0,-3582.0,0.012885570526123,0,True,50,33,True,78,32,0.7338687777519226,614.490234375,-15106.99910758267,2025-11-24 05:22:57
G6.txt,Gset,49,SpecAnn,0.788699717316095,1.0,-4112.0,-3582.0,0.0128364562988281,0,True,50,33,True,79,32,0.733428955078125,613.4764404296875,-15073.036386424676,2025-11-24 05:22:57
G6.txt,Gset,49,SpecAnn,0.7936757901325451,1.0,-4112.0,-3582.0,0.0129010677337646,0,True,50,33,True,80,32,0.7329909205436707,612.4710693359375,-15039.347052783658,2025-11-24 05:22:58
G6.txt,Gset,49,SpecAnn,0.7986208584745024,1.0,-4112.0,-3582.0,0.0128545761108398,0,True,50,33,True,81,32,0.7325546145439148,611.4737548828125,-15005.920347198617,2025-11-24 05:22:58
G6.txt,Gset,49,SpecAnn,0.803535494759617,1.0,-4112.0,-3582.0,0.0129053592681884,0,True,50,33,True,82,32,0.732120156288147,610.4845581054688,-14972.75967807115,2025-11-24 05:22:58
G6.txt,Gset,49,SpecAnn,0.8084202540056837,1.0,-4096.0,-3565.9999999999995,0.0129292011260986,0,True,50,33,True,83,32,0.7316874265670776,609.5030517578125,-14939.851600752714,2025-11-24 05:22:58
G6.txt,Gset,49,SpecAnn,0.8132756745622272,1.0,-4096.0,-3565.9999999999995,0.0128788948059082,0,True,50,33,True,84,32,0.731256365776062,608.5294189453125,-14907.198880753223,2025-11-24 05:22:58
G6.txt,Gset,49,SpecAnn,0.8181022788030096,1.0,-4109.999999999999,-3548.0,0.0128958225250244,0,True,50,33,True,85,32,0.7308269143104553,607.5632934570312,-14874.790834684243,2025-11-24 05:22:58
G6.txt,Gset,49,SpecAnn,0.822900573781978,1.0,-4109.999999999999,-3548.0,0.0128405094146728,0,True,50,33,True,86,32,0.7303991913795471,606.6046142578125,-14842.62791132378,2025-11-24 05:22:58
G6.txt,Gset,49,SpecAnn,0.8276710518549868,1.0,-4109.999999999999,-3548.0,0.0129005908966064,0,True,50,33,True,87,32,0.7299729585647583,605.653076171875,-14810.697323880522,2025-11-24 05:22:58
G6.txt,Gset,49,SpecAnn,0.8324141912694495,1.0,-4109.999999999999,-3548.0,0.0128026008605957,0,True,50,33,True,88,32,0.7295483350753784,604.7089233398438,-14779.007005631556,2025-11-24 05:22:58
G6.txt,Gset,49,SpecAnn,0.8371304567239225,1.0,-4109.999999999999,-3548.0,0.0128343105316162,0,True,50,33,True,89,32,0.7291252613067627,603.7716674804688,-14747.543356514108,2025-11-24 05:22:58
G6.txt,Gset,49,SpecAnn,0.8418202998994706,1.0,-4109.999999999999,-3548.0,0.012857437133789,0,True,50,33,True,90,32,0.7287036180496216,602.8414916992188,-14716.30799974033,2025-11-24 05:22:58
G6.txt,Gset,49,SpecAnn,0.846484159964536,1.0,-4109.999999999999,-3548.0,0.0129165649414062,0,True,50,33,True,91,32,0.7282835245132446,601.91796875,-14685.292481594952,2025-11-24 05:22:58
G6.txt,Gset,49,SpecAnn,0.8511224640549078,1.0,-4109.999999999999,-3548.0,0.0128655433654785,0,True,50,33,True,92,32,0.7278648614883423,601.001220703125,-14654.496953757058,2025-11-24 05:22:58
G6.txt,Gset,49,SpecAnn,0.8557356277302758,1.0,-4104.0,-3545.9999999999995,0.0128877162933349,0,True,50,33,True,93,32,0.7274476289749146,600.0910034179688,-14623.915049786889,2025-11-24 05:22:58
G6.txt,Gset,49,SpecAnn,0.8603240554087516,1.0,-4122.0,-3546.0,0.0127966403961181,0,True,50,33,True,94,32,0.7270317673683167,599.1871948242188,-14593.542195456774,2025-11-24 05:22:58
G6.txt,Gset,49,SpecAnn,0.86488814078064,1.0,-4122.0,-3546.0,0.0129153728485107,0,True,50,33,True,95,32,0.7266173362731934,598.2899169921875,-14563.382164433104,2025-11-24 05:22:58
G6.txt,Gset,49,SpecAnn,0.8694282672026621,1.0,-4115.999999999999,-3571.9999999999995,0.0128517150878906,0,True,50,33,True,96,32,0.7262042164802551,597.398681640625,-14533.42029116011,2025-11-24 05:22:58
G6.txt,Gset,49,SpecAnn,0.8739448080737451,1.0,-4080.0,-3582.0,0.0128343105316162,0,True,50,33,True,97,32,0.7257924675941467,596.5137939453125,-14503.664818460744,2025-11-24 05:22:58
G6.txt,Gset,49,SpecAnn,0.878438127193422,1.0,-4084.0,-3587.9999999999995,0.0128993988037109,0,True,50,33,True,98,32,0.7253819704055786,595.6348876953125,-14474.1040840375,2025-11-24 05:22:58
G6.txt,Gset,49,SpecAnn,0.8829085791038153,1.0,-4100.0,-3582.0,0.0130352973937988,0,True,50,33,True,99,32,0.7249728441238403,594.7619018554688,-14444.73862341623,2025-11-24 05:22:58
G6.txt,Gset,49,SpecAnn,0.8873565094161138,1.0,-4100.0,-3582.0,0.0131220817565917,0,True,50,33,True,100,32,0.7245649099349976,593.894775390625,-14415.563033799424,2025-11-24 05:22:58
G6.txt,Gset,49,SpecAnn,0.8917822551223932,1.0,-4102.0,-3580.0,0.013110876083374,0,True,50,33,True,101,32,0.7241582870483398,593.0335693359375,-14386.580820037923,2025-11-24 05:22:58
G6.txt,Gset,49,SpecAnn,0.8961861448935777,1.0,-4102.0,-3580.0,0.0130231380462646,0,True,50,33,True,102,32,0.7237528562545776,592.1779174804688,-14357.780382777124,2025-11-24 05:22:58
G6.txt,Gset,49,SpecAnn,0.9005684993642872,1.0,-4102.0,-3580.0,0.0128538608551025,0,True,50,33,True,103,32,0.7233486175537109,591.3279418945312,-14329.164351224725,2025-11-24 05:22:58
G6.txt,Gset,49,SpecAnn,0.9049296314052688,1.0,-4102.0,-3580.0,0.0129072666168212,0,True,50,33,True,104,32,0.7229455709457397,590.4835205078125,-14300.729436563626,2025-11-24 05:22:58
G6.txt,Gset,49,SpecAnn,0.9092698463840684,1.0,-4102.0,-3580.0,0.0128397941589355,0,True,50,33,True,105,32,0.7225436568260193,589.6444702148438,-14272.46970316518,2025-11-24 05:22:58
G6.txt,Gset,49,SpecAnn,0.9135894424145556,1.0,-4087.999999999999,-3580.0,0.0129122734069824,0,True,50,33,True,106,32,0.7221429347991943,588.810791015625,-14244.38601429286,2025-11-24 05:22:58
G6.txt,Gset,49,SpecAnn,0.9178887105958816,1.0,-4108.0,-3571.9999999999995,0.013110876083374,0,True,50,33,True,107,32,0.7217432856559753,587.982421875,-14216.47422991268,2025-11-24 05:22:58
G6.txt,Gset,49,SpecAnn,0.922167935241408,1.0,-4108.0,-3571.9999999999995,0.0128538608551025,0,True,50,33,True,108,32,0.7213448882102966,587.1591796875,-14188.733139916529,2025-11-24 05:22:58
G6.txt,Gset,49,SpecAnn,0.92642739409812,1.0,-4104.0,-3583.9999999999995,0.0128133296966552,0,True,50,33,True,109,32,0.7209474444389343,586.3411254882812,-14161.158055672531,2025-11-24 05:22:58
G6.txt,Gset,49,SpecAnn,0.9306673585570006,1.0,-4134.0,-3583.9999999999995,0.0128459930419921,0,True,50,33,True,110,32,0.7205511331558228,585.5281372070312,-14133.749252431338,2025-11-24 05:22:58
G6.txt,Gset,49,SpecAnn,0.9348880938548184,1.0,-4134.0,-3583.9999999999995,0.0129718780517578,0,True,50,33,True,111,32,0.7201558947563171,584.72021484375,-14106.505268347377,2025-11-24 05:22:58
G6.txt,Gset,49,SpecAnn,0.9390898592677528,1.0,-4112.0,-3580.0,0.0129508972167968,0,True,50,33,True,112,32,0.7197616696357727,583.9171142578125,-14079.41876241803,2025-11-24 05:22:58
G6.txt,Gset,49,SpecAnn,0.9432729082972536,1.0,-4130.0,-3560.0000000000005,0.0130367279052734,0,True,50,33,True,113,32,0.7193685173988342,583.1188354492188,-14052.490626168716,2025-11-24 05:22:58
G6.txt,Gset,49,SpecAnn,0.9474374888485204,1.0,-4130.0,-3560.0000000000005,0.0128326416015625,0,True,50,33,True,114,32,0.7189763784408569,582.325439453125,-14025.720890321609,2025-11-24 05:22:58
G6.txt,Gset,49,SpecAnn,0.9515838434019476,1.0,-4130.0,-3560.0000000000005,0.0128648281097412,0,True,50,33,True,115,32,0.718585193157196,581.53662109375,-13999.100774087288,2025-11-24 05:22:58
G6.txt,Gset,49,SpecAnn,0.9557122091778746,1.0,-4082.0,-3553.9999999999995,0.0128912925720214,0,True,50,33,True,116,32,0.7181950211524963,580.7525634765625,-13972.635586948943,2025-11-24 05:22:58
G6.txt,Gset,49,SpecAnn,0.9598228182949629,1.0,-4082.0,-3553.9999999999995,0.0131337642669677,0,True,50,33,True,117,32,0.717805802822113,579.9730224609375,-13946.318033591811,2025-11-24 05:22:58
G6.txt,Gset,49,SpecAnn,0.963915897922488,1.0,-4082.0,-3553.9999999999995,0.0131635665893554,0,True,50,33,True,118,32,0.7174175381660461,579.1980590820312,-13920.14932951563,2025-11-24 05:22:58
G6.txt,Gset,49,SpecAnn,0.967991670426842,1.0,-4080.0,-3556.0,0.0131378173828125,0,True,50,33,True,119,32,0.7170302271842957,578.4275512695312,-13894.126289631002,2025-11-24 05:22:58
G6.txt,Gset,49,SpecAnn,0.9720503535125016,1.0,-4090.000000000001,-3552.0,0.0129327774047851,0,True,50,33,True,120,32,0.7166438698768616,577.6614990234375,-13868.248666657342,2025-11-24 05:22:58
G6.txt,Gset,49,SpecAnn,0.9760921603577252,1.0,-4090.000000000001,-3552.0,0.0129427909851074,0,True,50,33,True,121,32,0.7162584066390991,576.8997802734375,-13842.512133204807,2025-11-24 05:22:58
G6.txt,Gset,49,SpecAnn,0.9801172997452104,1.0,-4090.000000000001,-3552.0,0.0130016803741455,0,True,50,33,True,122,32,0.7158738374710083,576.1423950195312,-13816.916452954374,2025-11-24 05:22:58
G6.txt,Gset,49,SpecAnn,0.9841259761879442,1.0,-4090.000000000001,-3552.0,0.0129120349884033,0,True,50,33,True,123,32,0.7154901623725891,575.3892211914062,-13791.458464472174,2025-11-24 05:22:58
G6.txt,Gset,49,SpecAnn,0.9881183900504562,1.0,-4090.000000000001,-3552.0,0.0128653049468994,0,True,50,33,True,124,32,0.7151073813438416,574.6402587890625,-13766.137937692696,2025-11-24 05:22:58
G6.txt,Gset,49,SpecAnn,0.9920947376656812,1.0,-4090.000000000001,-3552.0,0.0129175186157226,0,True,50,33,True,125,32,0.7147254943847656,573.8953857421875,-13740.951720540645,2025-11-24 05:22:58
G6.txt,Gset,49,SpecAnn,0.9960552114476228,1.0,-4096.0,-3547.999999999999,0.0128600597381591,0,True,50,33,True,126,32,0.7143443822860718,573.1546630859375,-13715.898760842938,2025-11-24 05:22:58
G6.txt,Gset,49,SpecAnn,1.0,1.0,-4096.0,-3547.999999999999,0.0128962993621826,0,True,50,33,True,127,32,0.7139641642570496,572.4179077148438,-13690.97674842781,2025-11-24 05:22:58
G6.txt,Gset,50,SpecAnn,0.0,1.0,-4099.999999999999,-3655.999999999999,0.0257060527801513,0,True,53,65,True,0,32,0.7922236323356628,800.0,-21231.593346595764,2025-11-24 05:22:58
G6.txt,Gset,50,SpecAnn,0.0887356509416113,1.0,-4104.0,-3646.0,0.0247089862823486,0,True,53,65,True,1,32,0.7865623831748962,776.031494140625,-20448.30557857585,2025-11-24 05:22:58
G6.txt,Gset,50,SpecAnn,0.1254911610276317,1.0,-4104.0,-3640.0,0.012829303741455,0,True,53,33,True,2,32,0.7841534614562988,766.3468017578125,-20131.272158690816,2025-11-24 05:22:58
G6.txt,Gset,50,SpecAnn,0.1536946558735679,1.0,-4086.0,-3644.0,0.012852668762207,0,True,53,33,True,3,32,0.7822783589363098,759.009765625,-19890.856614636898,2025-11-24 05:22:58
G6.txt,Gset,50,SpecAnn,0.1774713018832227,1.0,-4082.0,-3646.0,0.0129754543304443,0,True,53,33,True,4,32,0.7806798219680786,752.8873291015625,-19690.092192508502,2025-11-24 05:22:58
G6.txt,Gset,50,SpecAnn,0.1984189475331362,1.0,-4092.0,-3650.0,0.0128297805786132,0,True,53,33,True,5,32,0.7792577147483826,747.5404663085938,-19514.64362782877,2025-11-24 05:22:58
G6.txt,Gset,50,SpecAnn,0.2173570668006655,1.0,-4116.0,-3658.0,0.0128693580627441,0,True,53,33,True,6,32,0.7779608964920044,742.7443237304688,-19357.17233844905,2025-11-24 05:22:58
G6.txt,Gset,50,SpecAnn,0.2347724648169381,1.0,-4104.0,-3644.0,0.012958288192749,0,True,53,33,True,7,32,0.776759147644043,738.3651123046875,-19213.31715201022,2025-11-24 05:22:58
G6.txt,Gset,50,SpecAnn,0.2509823220552634,1.0,-4092.0,-3638.0,0.01287841796875,0,True,53,33,True,8,32,0.7756322622299194,734.3157348632812,-19080.22564987159,2025-11-24 05:22:58
G6.txt,Gset,50,SpecAnn,0.2662069528248341,1.0,-4092.0,-3638.0,0.012892723083496,0,True,53,33,True,9,32,0.7745667695999146,730.535888671875,-18955.93558274013,2025-11-24 05:22:58
G6.txt,Gset,50,SpecAnn,0.2806067666331568,1.0,-4112.0,-3656.0,0.0129287242889404,0,True,53,33,True,10,32,0.7735525369644165,726.9813842773438,-18839.002853477028,2025-11-24 05:22:58
G6.txt,Gset,50,SpecAnn,0.2943028597012718,1.0,-4092.0,-3658.0,0.0128743648529052,0,True,53,33,True,11,32,0.772581934928894,723.619140625,-18728.34503982414,2025-11-24 05:22:58
G6.txt,Gset,50,SpecAnn,0.3073893117471359,1.0,-4092.0,-3658.0,0.0129773616790771,0,True,53,33,True,12,32,0.771649181842804,720.4234008789062,-18623.12328359872,2025-11-24 05:22:58
G6.txt,Gset,50,SpecAnn,0.3199409394316542,1.0,-4092.0,-3658.0,0.0129010677337646,0,True,53,33,True,13,32,0.7707496285438538,717.37353515625,-18522.66542258717,2025-11-24 05:22:58
G6.txt,Gset,50,SpecAnn,0.3320184038158743,1.0,-4098.0,-3670.0,0.0128514766693115,0,True,53,33,True,14,32,0.7698794603347778,714.4529418945312,-18426.42861890193,2025-11-24 05:22:58
G6.txt,Gset,50,SpecAnn,0.3436716983117353,1.0,-4098.0,-3670.0,0.0129129886627197,0,True,53,33,True,15,32,0.7690355181694031,711.6478881835938,-18333.963831854955,2025-11-24 05:22:58
G6.txt,Gset,50,SpecAnn,0.3549426037664455,1.0,-4102.0,-3675.999999999999,0.0128800868988037,0,True,53,33,True,16,32,0.7682152986526489,708.9470825195312,-18244.903823343306,2025-11-24 05:22:59
G6.txt,Gset,50,SpecAnn,0.3658664615902029,1.0,-4105.999999999999,-3668.0,0.0128922462463378,0,True,53,33,True,17,32,0.7674164772033691,706.3406372070312,-18158.9243576186,2025-11-24 05:22:59
G6.txt,Gset,50,SpecAnn,0.3764734830828951,1.0,-4105.999999999999,-3668.0,0.0129003524780273,0,True,53,33,True,18,32,0.7666372656822205,703.8204956054688,-18075.763179449743,2025-11-24 05:22:59
G6.txt,Gset,50,SpecAnn,0.3867897351437838,1.0,-4105.999999999999,-3668.0,0.0128767490386962,0,True,53,33,True,19,32,0.7658759951591492,701.3793334960938,-17995.181433350284,2025-11-24 05:22:59
G6.txt,Gset,50,SpecAnn,0.3968378950662725,1.0,-4118.0,-3658.000000000001,0.0129392147064208,0,True,53,33,True,20,32,0.7651312947273254,699.010986328125,-17916.978563428413,2025-11-24 05:22:59
G6.txt,Gset,50,SpecAnn,0.4066378372811136,1.0,-4140.0,-3664.0,0.0128369331359863,0,True,53,33,True,21,32,0.7644018530845642,696.7100830078125,-17840.977030214726,2025-11-24 05:22:59
G6.txt,Gset,50,SpecAnn,0.4162070956347247,1.0,-4140.0,-3664.0,0.0128607749938964,0,True,53,33,True,22,32,0.7636865377426147,694.4717407226562,-17767.017094291168,2025-11-24 05:22:59
G6.txt,Gset,50,SpecAnn,0.4255612320274539,1.0,-4136.0,-3664.0,0.0129103660583496,0,True,53,33,True,23,32,0.762984573841095,692.2918090820312,-17694.9670260255,2025-11-24 05:22:59
G6.txt,Gset,50,SpecAnn,0.434714133601331,1.0,-4136.0,-3670.0,0.0128395557403564,0,True,53,33,True,24,32,0.7622949481010437,690.1663818359375,-17624.69659846082,2025-11-24 05:22:59
G6.txt,Gset,50,SpecAnn,0.4436782547080569,1.0,-4136.0,-3670.0,0.0129535198211669,0,True,53,33,True,25,32,0.7616168260574341,688.0921020507812,-17556.094513769985,2025-11-24 05:22:59
G6.txt,Gset,50,SpecAnn,0.4524648157026343,1.0,-4136.0,-3646.0,0.0129098892211914,0,True,53,33,True,26,32,0.7609496116638184,686.06591796875,-17489.063394112396,2025-11-24 05:22:59
G6.txt,Gset,50,SpecAnn,0.4610839676207039,1.0,-4136.0,-3646.0,0.0129895210266113,0,True,53,33,True,27,32,0.760292649269104,684.0850219726562,-17423.511258310285,2025-11-24 05:22:59
G6.txt,Gset,50,SpecAnn,0.4695449296338763,1.0,-4136.0,-3637.999999999999,0.0128517150878906,0,True,53,33,True,28,32,0.7596454620361328,682.14697265625,-17359.36004937021,2025-11-24 05:22:59
G6.txt,Gset,50,SpecAnn,0.4778561045889373,1.0,-4140.0,-3626.0,0.0129792690277099,0,True,53,33,True,29,32,0.759007453918457,680.2493896484375,-17296.530968432606,2025-11-24 05:22:59
G6.txt,Gset,50,SpecAnn,0.4860251767562508,1.0,-4140.0,-3626.0,0.0129063129425048,0,True,53,33,True,30,32,0.7583779692649841,678.39013671875,-17234.95049751438,2025-11-24 05:22:59
G6.txt,Gset,50,SpecAnn,0.4940591950252281,1.0,-4102.0,-3618.0,0.0128500461578369,0,True,53,33,True,31,32,0.7577569484710693,676.5674438476562,-17174.568336443197,2025-11-24 05:22:59
G6.txt,Gset,50,SpecAnn,0.5019646441105269,1.0,-4104.0,-3604.0,0.0129010677337646,0,True,53,33,True,32,32,0.7571435570716858,674.7794189453125,-17115.313798217143,2025-11-24 05:22:59
G6.txt,Gset,50,SpecAnn,0.5097475058154177,1.0,-4110.0,-3620.0,0.012906789779663,0,True,53,33,True,33,32,0.7565377950668335,673.0243530273438,-17057.140062197224,2025-11-24 05:22:59
G6.txt,Gset,50,SpecAnn,0.51741331199832,1.0,-4122.0,-3618.0,0.0129752159118652,0,True,53,33,True,34,32,0.7559391260147095,671.3009643554688,-16999.999253638107,2025-11-24 05:22:59
G6.txt,Gset,50,SpecAnn,0.5249671905758515,1.0,-4122.0,-3618.0,0.0129759311676025,0,True,53,33,True,35,32,0.7553472518920898,669.6077270507812,-16943.842941862793,2025-11-24 05:22:59
G6.txt,Gset,50,SpecAnn,0.5324139056496683,1.0,-4112.0,-3612.0,0.0130369663238525,0,True,53,33,True,36,32,0.7547619342803955,667.9432983398438,-16888.62889079436,2025-11-24 05:22:59
G6.txt,Gset,50,SpecAnn,0.5397578926492556,1.0,-4121.999999999999,-3590.0,0.0131192207336425,0,True,53,33,True,37,32,0.7541828155517578,666.3064575195312,-16834.315485105326,2025-11-24 05:22:59
G6.txt,Gset,50,SpecAnn,0.5470032892270364,1.0,-4094.0,-3604.0,0.0131540298461914,0,True,53,33,True,38,32,0.7536097168922424,664.6963500976562,-16780.874545249455,2025-11-24 05:22:59
G6.txt,Gset,50,SpecAnn,0.554153962516942,1.0,-4094.0,-3604.0,0.0131189823150634,0,True,53,33,True,39,32,0.7530422806739807,663.111572265625,-16728.260199127217,2025-11-24 05:22:59
G6.txt,Gset,50,SpecAnn,0.5612135332663137,1.0,-4094.0,-3604.0,0.0131514072418212,0,True,53,33,True,40,32,0.7524803876876831,661.5512084960938,-16676.444379787263,2025-11-24 05:22:59
G6.txt,Gset,50,SpecAnn,0.5681853972686127,1.0,-4094.0,-3604.0,0.0131254196166992,0,True,53,33,True,41,32,0.7519237995147705,660.0144653320312,-16625.39958099022,2025-11-24 05:22:59
G6.txt,Gset,50,SpecAnn,0.5750727444570146,1.0,-4094.0,-3604.0,0.0131459236145019,0,True,53,33,True,42,32,0.7513723373413086,658.5004272460938,-16575.09667286495,2025-11-24 05:22:59
G6.txt,Gset,50,SpecAnn,0.5818785759635375,1.0,-4093.999999999999,-3601.9999999999995,0.0131864547729492,0,True,53,33,True,43,32,0.7508257627487183,657.0082397460938,-16525.506876775045,2025-11-24 05:22:59
G6.txt,Gset,50,SpecAnn,0.5886057194025436,1.0,-4093.999999999999,-3601.9999999999995,0.0130541324615478,0,True,53,33,True,44,32,0.7502840161323547,655.537109375,-16476.607007379935,2025-11-24 05:22:59
G6.txt,Gset,50,SpecAnn,0.5952568425994088,1.0,-4097.999999999999,-3596.0,0.0131113529205322,0,True,53,33,True,45,32,0.7497467994689941,654.08642578125,-16428.3733442378,2025-11-24 05:22:59
G6.txt,Gset,50,SpecAnn,0.6018344659534288,1.0,-4097.999999999999,-3596.0,0.0130269527435302,0,True,53,33,True,46,32,0.7492139935493469,652.6553955078125,-16380.78160187788,2025-11-24 05:22:59
G6.txt,Gset,50,SpecAnn,0.6083409735974393,1.0,-4097.999999999999,-3596.0,0.0130345821380615,0,True,53,33,True,47,32,0.7486854195594788,651.2433471679688,-16333.809353427294,2025-11-24 05:22:59
G6.txt,Gset,50,SpecAnn,0.6147786234942719,1.0,-4114.0,-3590.0,0.0129342079162597,0,True,53,33,True,48,32,0.7481610774993896,649.849853515625,-16287.444281738864,2025-11-24 05:22:59
G6.txt,Gset,50,SpecAnn,0.6211495565912796,1.0,-4114.0,-3590.0,0.0129628181457519,0,True,53,33,True,49,32,0.7476406693458557,648.4740600585938,-16241.65694057366,2025-11-24 05:22:59
G6.txt,Gset,50,SpecAnn,0.6274558051381586,1.0,-4109.999999999999,-3583.9999999999995,0.0129854679107666,0,True,53,33,True,50,32,0.747124195098877,647.1156616210938,-16196.438222121986,2025-11-24 05:22:59
G6.txt,Gset,50,SpecAnn,0.6336993002596786,1.0,-4124.0,-3585.9999999999995,0.0131120681762695,0,True,53,33,True,51,32,0.746611475944519,645.7739868164062,-16151.76602568971,2025-11-24 05:22:59
G6.txt,Gset,50,SpecAnn,0.6398818788633085,1.0,-4100.0,-3597.9999999999995,0.0130870342254638,0,True,53,33,True,52,32,0.7461023926734924,644.4486083984375,-16107.625730819422,2025-11-24 05:22:59
G6.txt,Gset,50,SpecAnn,0.6460052899517691,1.0,-4104.0,-3601.9999999999995,0.0130848884582519,0,True,53,33,True,53,32,0.7455968260765076,643.138916015625,-16063.99820600244,2025-11-24 05:22:59
G6.txt,Gset,50,SpecAnn,0.6520712004019966,1.0,-4104.0,-3601.9999999999995,0.0130424499511718,0,True,53,33,True,54,32,0.7450946569442749,641.8446044921875,-16020.872010753948,2025-11-24 05:22:59
G6.txt,Gset,50,SpecAnn,0.6580812002646271,1.0,-4104.0,-3601.9999999999995,0.0128300189971923,0,True,53,33,True,55,32,0.7445958256721497,640.5652465820312,-15978.233990633662,2025-11-24 05:22:59
G6.txt,Gset,50,SpecAnn,0.6640368076317485,1.0,-4106.0,-3600.0,0.0130128860473632,0,True,53,33,True,56,32,0.7441002726554871,639.3003540039062,-15936.069518722376,2025-11-24 05:22:59
G6.txt,Gset,50,SpecAnn,0.6699394731151429,1.0,-4101.999999999999,-3600.0,0.0130929946899414,0,True,53,33,True,57,32,0.7436078786849976,638.049560546875,-15894.365787174249,2025-11-24 05:22:59
G6.txt,Gset,50,SpecAnn,0.6757905839724513,1.0,-4096.0,-3581.9999999999995,0.0131988525390625,0,True,53,33,True,58,32,0.7431184649467468,636.8125,-15853.108769873155,2025-11-24 05:22:59
G6.txt,Gset,50,SpecAnn,0.6815914679145113,1.0,-4096.0,-3581.9999999999995,0.0130932331085205,0,True,53,33,True,59,32,0.7426320910453796,635.5887451171875,-15812.288060848074,2025-11-24 05:22:59
G6.txt,Gset,50,SpecAnn,0.6873433966234707,1.0,-4096.0,-3581.9999999999995,0.01314377784729,0,True,53,33,True,60,32,0.7421486377716064,634.378173828125,-15771.897067542508,2025-11-24 05:22:59
G6.txt,Gset,50,SpecAnn,0.6930475890080863,1.0,-4092.000000000001,-3575.9999999999995,0.0130908489227294,0,True,53,33,True,61,32,0.7416679859161377,633.1800537109375,-15731.914067795107,2025-11-24 05:22:59
G6.txt,Gset,50,SpecAnn,0.6987052142198116,1.0,-4099.999999999999,-3580.0,0.013096809387207,0,True,53,33,True,62,32,0.7411900758743286,631.9944458007812,-15692.338376380383,2025-11-24 05:22:59
G6.txt,Gset,50,SpecAnn,0.7043173944508145,1.0,-4086.0,-3590.0,0.0130872726440429,0,True,53,33,True,63,32,0.7407148480415344,630.82080078125,-15653.154175336109,2025-11-24 05:22:59
G6.txt,Gset,50,SpecAnn,0.709885207532891,1.0,-4086.0,-3590.0,0.0129189491271972,0,True,53,33,True,64,32,0.7402422428131104,629.6590576171875,-15614.357806107568,2025-11-24 05:22:59
G6.txt,Gset,50,SpecAnn,0.7154096893543218,1.0,-4086.0,-3590.0,0.0129199028015136,0,True,53,33,True,65,32,0.7397722005844116,628.5087280273438,-15575.935041446468,2025-11-24 05:22:59
G6.txt,Gset,50,SpecAnn,0.7208918361100219,1.0,-4079.999999999999,-3584.0,0.0131292343139648,0,True,53,33,True,66,32,0.7393046617507935,627.36962890625,-15537.879258257077,2025-11-24 05:22:59
G6.txt,Gset,50,SpecAnn,0.7263326063988248,1.0,-4079.999999999999,-3584.0,0.0131025314331054,0,True,53,33,True,67,32,0.7388395071029663,626.2415771484375,-15500.18260928915,2025-11-24 05:22:59
G6.txt,Gset,50,SpecAnn,0.7317329231804058,1.0,-4108.0,-3582.0,0.0130817890167236,0,True,53,33,True,68,32,0.738376796245575,625.1240234375,-15462.831968344486,2025-11-24 05:22:59
G6.txt,Gset,50,SpecAnn,0.7370936756031579,1.0,-4108.0,-3582.0,0.013127326965332,0,True,53,33,True,69,32,0.7379164099693298,624.0171508789062,-15425.828607151048,2025-11-24 05:22:59
G6.txt,Gset,50,SpecAnn,0.7424157207132704,1.0,-4108.0,-3582.0,0.013096809387207,0,True,53,33,True,70,32,0.7374582290649414,622.92041015625,-15389.155714494877,2025-11-24 05:22:59
G6.txt,Gset,50,SpecAnn,0.7476998850543153,1.0,-4100.0,-3588.0,0.0130255222320556,0,True,53,33,True,71,32,0.7370022535324097,621.833740234375,-15352.811073819918,2025-11-24 05:22:59
G6.txt,Gset,50,SpecAnn,0.7529469661657903,1.0,-4100.0,-3588.0,0.0130128860473632,0,True,53,33,True,72,32,0.7365484833717346,620.7568969726562,-15316.787958759762,2025-11-24 05:22:59
G6.txt,Gset,50,SpecAnn,0.7581577339883167,1.0,-4114.0,-3593.9999999999995,0.0130212306976318,0,True,53,33,True,73,32,0.7360968589782715,619.6895751953125,-15281.076919735438,2025-11-24 05:22:59
G6.txt,Gset,50,SpecAnn,0.7633329321824984,1.0,-4114.0,-3593.9999999999995,0.0131044387817382,0,True,53,33,True,74,32,0.7356472611427307,618.6317138671875,-15245.673319741403,2025-11-24 05:22:59
G6.txt,Gset,50,SpecAnn,0.7684732793678399,1.0,-4103.999999999999,-3582.0000000000005,0.0130414962768554,0,True,53,33,True,75,32,0.7351996898651123,617.5830078125,-15210.568999625391,2025-11-24 05:22:59
G6.txt,Gset,50,SpecAnn,0.7735794702875677,1.0,-4103.999999999999,-3582.0000000000005,0.0128448009490966,0,True,53,33,True,76,32,0.7347541451454163,616.5432739257812,-15175.758826979536,2025-11-24 05:22:59
G6.txt,Gset,50,SpecAnn,0.7786521769046981,1.0,-4103.999999999999,-3582.0000000000005,0.0129077434539794,0,True,53,33,True,77,32,0.734310507774353,615.5123901367188,-15141.236727380438,2025-11-24 05:22:59
G6.txt,Gset,50,SpecAnn,0.7836920494342511,1.0,-4104.0,-3582.0,0.0128624439239501,0,True,53,33,True,78,32,0.7338687777519226,614.490234375,-15106.99910758267,2025-11-24 05:22:59
G6.txt,Gset,50,SpecAnn,0.788699717316095,1.0,-4104.0,-3582.0,0.0128653049468994,0,True,53,33,True,79,32,0.733428955078125,613.4764404296875,-15073.036386424676,2025-11-24 05:22:59
G6.txt,Gset,50,SpecAnn,0.7936757901325451,1.0,-4104.0,-3582.0,0.0129008293151855,0,True,53,33,True,80,32,0.7329909205436707,612.4710693359375,-15039.347052783658,2025-11-24 05:22:59
G6.txt,Gset,50,SpecAnn,0.7986208584745024,1.0,-4104.0,-3582.0,0.012937307357788,0,True,53,33,True,81,32,0.7325546145439148,611.4737548828125,-15005.920347198617,2025-11-24 05:22:59
G6.txt,Gset,50,SpecAnn,0.803535494759617,1.0,-4104.0,-3582.0,0.012855052947998,0,True,53,33,True,82,32,0.732120156288147,610.4845581054688,-14972.75967807115,2025-11-24 05:22:59
G6.txt,Gset,50,SpecAnn,0.8084202540056837,1.0,-4094.0,-3565.9999999999995,0.0128841400146484,0,True,53,33,True,83,32,0.7316874265670776,609.5030517578125,-14939.851600752714,2025-11-24 05:22:59
G6.txt,Gset,50,SpecAnn,0.8132756745622272,1.0,-4094.0,-3565.9999999999995,0.0129988193511962,0,True,53,33,True,84,32,0.731256365776062,608.5294189453125,-14907.198880753223,2025-11-24 05:22:59
G6.txt,Gset,50,SpecAnn,0.8181022788030096,1.0,-4099.999999999999,-3548.0,0.0128989219665527,0,True,53,33,True,85,32,0.7308269143104553,607.5632934570312,-14874.790834684243,2025-11-24 05:22:59
G6.txt,Gset,50,SpecAnn,0.822900573781978,1.0,-4099.999999999999,-3548.0,0.0129580497741699,0,True,53,33,True,86,32,0.7303991913795471,606.6046142578125,-14842.62791132378,2025-11-24 05:22:59
G6.txt,Gset,50,SpecAnn,0.8276710518549868,1.0,-4099.999999999999,-3548.0,0.0128250122070312,0,True,53,33,True,87,32,0.7299729585647583,605.653076171875,-14810.697323880522,2025-11-24 05:22:59
G6.txt,Gset,50,SpecAnn,0.8324141912694495,1.0,-4099.999999999999,-3548.0,0.0131256580352783,0,True,53,33,True,88,32,0.7295483350753784,604.7089233398438,-14779.007005631556,2025-11-24 05:22:59
G6.txt,Gset,50,SpecAnn,0.8371304567239225,1.0,-4099.999999999999,-3548.0,0.0131006240844726,0,True,53,33,True,89,32,0.7291252613067627,603.7716674804688,-14747.543356514108,2025-11-24 05:22:59
G6.txt,Gset,50,SpecAnn,0.8418202998994706,1.0,-4099.999999999999,-3548.0,0.013068675994873,0,True,53,33,True,90,32,0.7287036180496216,602.8414916992188,-14716.30799974033,2025-11-24 05:22:59
G6.txt,Gset,50,SpecAnn,0.846484159964536,1.0,-4099.999999999999,-3548.0,0.0130605697631835,0,True,53,33,True,91,32,0.7282835245132446,601.91796875,-14685.292481594952,2025-11-24 05:22:59
G6.txt,Gset,50,SpecAnn,0.8511224640549078,1.0,-4099.999999999999,-3548.0,0.0131177902221679,0,True,53,33,True,92,32,0.7278648614883423,601.001220703125,-14654.496953757058,2025-11-24 05:22:59
G6.txt,Gset,50,SpecAnn,0.8557356277302758,1.0,-4092.000000000001,-3545.9999999999995,0.013033390045166,0,True,53,33,True,93,32,0.7274476289749146,600.0910034179688,-14623.915049786889,2025-11-24 05:23:00
G6.txt,Gset,50,SpecAnn,0.8603240554087516,1.0,-4102.0,-3546.0,0.0129368305206298,0,True,53,33,True,94,32,0.7270317673683167,599.1871948242188,-14593.542195456774,2025-11-24 05:23:00
G6.txt,Gset,50,SpecAnn,0.86488814078064,1.0,-4102.0,-3546.0,0.0130748748779296,0,True,53,33,True,95,32,0.7266173362731934,598.2899169921875,-14563.382164433104,2025-11-24 05:23:00
G6.txt,Gset,50,SpecAnn,0.8694282672026621,1.0,-4104.0,-3571.9999999999995,0.0129613876342773,0,True,53,33,True,96,32,0.7262042164802551,597.398681640625,-14533.42029116011,2025-11-24 05:23:00
G6.txt,Gset,50,SpecAnn,0.8739448080737451,1.0,-4080.0,-3582.0,0.012815237045288,0,True,53,33,True,97,32,0.7257924675941467,596.5137939453125,-14503.664818460744,2025-11-24 05:23:00
G6.txt,Gset,50,SpecAnn,0.878438127193422,1.0,-4088.0,-3587.9999999999995,0.0128943920135498,0,True,53,33,True,98,32,0.7253819704055786,595.6348876953125,-14474.1040840375,2025-11-24 05:23:00
G6.txt,Gset,50,SpecAnn,0.8829085791038153,1.0,-4102.0,-3582.0,0.0129530429840087,0,True,53,33,True,99,32,0.7249728441238403,594.7619018554688,-14444.73862341623,2025-11-24 05:23:00
G6.txt,Gset,50,SpecAnn,0.8873565094161138,1.0,-4102.0,-3582.0,0.0130088329315185,0,True,53,33,True,100,32,0.7245649099349976,593.894775390625,-14415.563033799424,2025-11-24 05:23:00
G6.txt,Gset,50,SpecAnn,0.8917822551223932,1.0,-4112.0,-3580.0,0.0128941535949707,0,True,53,33,True,101,32,0.7241582870483398,593.0335693359375,-14386.580820037923,2025-11-24 05:23:00
G6.txt,Gset,50,SpecAnn,0.8961861448935777,1.0,-4112.0,-3580.0,0.0129053592681884,0,True,53,33,True,102,32,0.7237528562545776,592.1779174804688,-14357.780382777124,2025-11-24 05:23:00
G6.txt,Gset,50,SpecAnn,0.9005684993642872,1.0,-4112.0,-3580.0,0.0130889415740966,0,True,53,33,True,103,32,0.7233486175537109,591.3279418945312,-14329.164351224725,2025-11-24 05:23:00
G6.txt,Gset,50,SpecAnn,0.9049296314052688,1.0,-4112.0,-3580.0,0.0131208896636962,0,True,53,33,True,104,32,0.7229455709457397,590.4835205078125,-14300.729436563626,2025-11-24 05:23:00
G6.txt,Gset,50,SpecAnn,0.9092698463840684,1.0,-4112.0,-3580.0,0.0129840373992919,0,True,53,33,True,105,32,0.7225436568260193,589.6444702148438,-14272.46970316518,2025-11-24 05:23:00
G6.txt,Gset,50,SpecAnn,0.9135894424145556,1.0,-4099.999999999999,-3580.0,0.0129497051239013,0,True,53,33,True,106,32,0.7221429347991943,588.810791015625,-14244.38601429286,2025-11-24 05:23:00
G6.txt,Gset,50,SpecAnn,0.9178887105958816,1.0,-4108.0,-3571.9999999999995,0.0128962993621826,0,True,53,33,True,107,32,0.7217433452606201,587.982421875,-14216.475403969876,2025-11-24 05:23:00
G6.txt,Gset,50,SpecAnn,0.922167935241408,1.0,-4108.0,-3571.9999999999995,0.0128486156463623,0,True,53,33,True,108,32,0.7213448882102966,587.1591796875,-14188.733139916529,2025-11-24 05:23:00
G6.txt,Gset,50,SpecAnn,0.92642739409812,1.0,-4092.0,-3583.9999999999995,0.0128498077392578,0,True,53,33,True,109,32,0.7209474444389343,586.3411254882812,-14161.158055672531,2025-11-24 05:23:00
G6.txt,Gset,50,SpecAnn,0.9306673585570006,1.0,-4102.0,-3583.9999999999995,0.0128483772277832,0,True,53,33,True,110,32,0.7205511331558228,585.5281372070312,-14133.749252431338,2025-11-24 05:23:00
G6.txt,Gset,50,SpecAnn,0.9348880938548184,1.0,-4102.0,-3583.9999999999995,0.0129690170288085,0,True,53,33,True,111,32,0.7201558947563171,584.72021484375,-14106.505268347377,2025-11-24 05:23:00
G6.txt,Gset,50,SpecAnn,0.9390898592677528,1.0,-4096.0,-3580.0,0.0129368305206298,0,True,53,33,True,112,32,0.7197616696357727,583.9171142578125,-14079.41876241803,2025-11-24 05:23:00
G6.txt,Gset,50,SpecAnn,0.9432729082972536,1.0,-4110.0,-3560.0000000000005,0.012944221496582,0,True,53,33,True,113,32,0.7193685173988342,583.1188354492188,-14052.490626168716,2025-11-24 05:23:00
G6.txt,Gset,50,SpecAnn,0.9474374888485204,1.0,-4110.0,-3560.0000000000005,0.0130553245544433,0,True,53,33,True,114,32,0.7189763784408569,582.325439453125,-14025.720890321609,2025-11-24 05:23:00
G6.txt,Gset,50,SpecAnn,0.9515838434019476,1.0,-4110.0,-3560.0000000000005,0.0130403041839599,0,True,53,33,True,115,32,0.718585193157196,581.53662109375,-13999.100774087288,2025-11-24 05:23:00
G6.txt,Gset,50,SpecAnn,0.9557122091778746,1.0,-4102.0,-3553.9999999999995,0.0130257606506347,0,True,53,33,True,116,32,0.7181950211524963,580.7525634765625,-13972.635586948943,2025-11-24 05:23:00
G6.txt,Gset,50,SpecAnn,0.9598228182949629,1.0,-4102.0,-3553.9999999999995,0.0128500461578369,0,True,53,33,True,117,32,0.717805802822113,579.9730224609375,-13946.318033591811,2025-11-24 05:23:00
G6.txt,Gset,50,SpecAnn,0.963915897922488,1.0,-4102.0,-3553.9999999999995,0.0129168033599853,0,True,53,33,True,118,32,0.7174175381660461,579.1980590820312,-13920.14932951563,2025-11-24 05:23:00
G6.txt,Gset,50,SpecAnn,0.967991670426842,1.0,-4108.0,-3556.0,0.0128731727600097,0,True,53,33,True,119,32,0.7170302271842957,578.4275512695312,-13894.126289631002,2025-11-24 05:23:00
G6.txt,Gset,50,SpecAnn,0.9720503535125016,1.0,-4114.0,-3552.0,0.0128631591796875,0,True,53,33,True,120,32,0.7166438698768616,577.6614990234375,-13868.248666657342,2025-11-24 05:23:00
G6.txt,Gset,50,SpecAnn,0.9760921603577252,1.0,-4114.0,-3552.0,0.0128843784332275,0,True,53,33,True,121,32,0.7162584066390991,576.8997802734375,-13842.512133204807,2025-11-24 05:23:00
G6.txt,Gset,50,SpecAnn,0.9801172997452104,1.0,-4114.0,-3552.0,0.0128493309020996,0,True,53,33,True,122,32,0.7158738374710083,576.1423950195312,-13816.916452954374,2025-11-24 05:23:00
G6.txt,Gset,50,SpecAnn,0.9841259761879442,1.0,-4114.0,-3552.0,0.0128569602966308,0,True,53,33,True,123,32,0.7154901623725891,575.3892211914062,-13791.458464472174,2025-11-24 05:23:00
G6.txt,Gset,50,SpecAnn,0.9881183900504562,1.0,-4114.0,-3552.0,0.012927770614624,0,True,53,33,True,124,32,0.7151073813438416,574.6402587890625,-13766.137937692696,2025-11-24 05:23:00
G6.txt,Gset,50,SpecAnn,0.9920947376656812,1.0,-4114.0,-3552.0,0.0128729343414306,0,True,53,33,True,125,32,0.7147254943847656,573.8953857421875,-13740.951720540645,2025-11-24 05:23:00
G6.txt,Gset,50,SpecAnn,0.9960552114476228,1.0,-4133.999999999999,-3547.999999999999,0.0128779411315917,0,True,53,33,True,126,32,0.7143443822860718,573.1546630859375,-13715.898760842938,2025-11-24 05:23:00
G6.txt,Gset,50,SpecAnn,1.0,1.0,-4133.999999999999,-3547.999999999999,0.0128951072692871,0,True,53,33,True,127,32,0.7139641642570496,572.4179077148438,-13690.97674842781,2025-11-24 05:23:00
G6.txt,Gset,51,SpecAnn,0.0,1.0,-4122.0,-3655.999999999999,0.02557849884033203,0,True,47,65,True,0,32,0.7922236919403076,800.0,-21231.594944000244,2025-11-24 05:23:00
G6.txt,Gset,51,SpecAnn,0.08873565094161137,1.0,-4087.999999999999,-3645.9999999999995,0.02473139762878418,0,True,47,65,True,1,32,0.7865629196166992,776.031494140625,-20448.31952448294,2025-11-24 05:23:00
G6.txt,Gset,51,SpecAnn,0.12549116102763172,1.0,-4100.0,-3639.9999999999995,0.012876510620117188,0,True,47,33,True,2,32,0.784153401851654,766.3468017578125,-20131.270628483548,2025-11-24 05:23:00
G6.txt,Gset,51,SpecAnn,0.15369465587356798,1.0,-4108.0,-3643.9999999999995,0.01288151741027832,0,True,47,33,True,3,32,0.7822783589363098,759.009765625,-19890.856614636898,2025-11-24 05:23:00
G6.txt,Gset,51,SpecAnn,0.17747130188322274,1.0,-4118.0,-3645.9999999999995,0.012872934341430664,0,True,47,33,True,4,32,0.7806798219680786,752.8873291015625,-19690.092192508506,2025-11-24 05:23:00
G6.txt,Gset,51,SpecAnn,0.19841894753313627,1.0,-4056.0,-3649.9999999999995,0.012986898422241211,0,True,47,33,True,5,32,0.7792577147483826,747.5404663085938,-19514.643627828766,2025-11-24 05:23:00
G6.txt,Gset,51,SpecAnn,0.21735706680066552,1.0,-4104.0,-3657.9999999999995,0.012894868850708008,0,True,47,33,True,6,32,0.777961015701294,742.7443237304688,-19357.175304606826,2025-11-24 05:23:00
G6.txt,Gset,51,SpecAnn,0.23477246481693817,1.0,-4095.9999999999995,-3644.0,0.013127803802490234,0,True,47,33,True,7,32,0.7767590880393982,738.3651123046875,-19213.315677675546,2025-11-24 05:23:00
G6.txt,Gset,51,SpecAnn,0.25098232205526344,1.0,-4102.000000000001,-3637.9999999999995,0.01307368278503418,0,True,47,33,True,8,32,0.7756322622299194,734.3157348632812,-19080.22564987159,2025-11-24 05:23:00
G6.txt,Gset,51,SpecAnn,0.26620695282483414,1.0,-4102.000000000001,-3637.9999999999995,0.013055086135864258,0,True,47,33,True,9,32,0.7745667695999146,730.535888671875,-18955.93558274013,2025-11-24 05:23:00
G6.txt,Gset,51,SpecAnn,0.28060676663315687,1.0,-4102.0,-3656.0,0.012941837310791016,0,True,47,33,True,10,32,0.7735525369644165,726.9813842773438,-18839.002853477028,2025-11-24 05:23:00
G6.txt,Gset,51,SpecAnn,0.2943028597012718,1.0,-4085.999999999999,-3657.9999999999995,0.01290750503540039,0,True,47,33,True,11,32,0.772581934928894,723.619140625,-18728.34503982414,2025-11-24 05:23:00
G6.txt,Gset,51,SpecAnn,0.30738931174713596,1.0,-4085.999999999999,-3657.9999999999995,0.012843608856201172,0,True,47,33,True,12,32,0.771649181842804,720.4234008789062,-18623.123283598718,2025-11-24 05:23:00
G6.txt,Gset,51,SpecAnn,0.31994093943165425,1.0,-4085.999999999999,-3657.9999999999995,0.01283717155456543,0,True,47,33,True,13,32,0.7707496285438538,717.37353515625,-18522.665422587175,2025-11-24 05:23:00
G6.txt,Gset,51,SpecAnn,0.3320184038158743,1.0,-4079.9999999999995,-3669.9999999999995,0.012867450714111328,0,True,47,33,True,14,32,0.7698794603347778,714.4529418945312,-18426.42861890193,2025-11-24 05:23:00
G6.txt,Gset,51,SpecAnn,0.34367169831173533,1.0,-4079.9999999999995,-3669.9999999999995,0.01287388801574707,0,True,47,33,True,15,32,0.7690355181694031,711.6478881835938,-18333.963831854955,2025-11-24 05:23:00
G6.txt,Gset,51,SpecAnn,0.3549426037664455,1.0,-4098.0,-3675.999999999999,0.012963533401489258,0,True,47,33,True,16,32,0.7682153582572937,708.9470825195312,-18244.90523893736,2025-11-24 05:23:00
G6.txt,Gset,51,SpecAnn,0.3658664615902029,1.0,-4073.9999999999995,-3668.0,0.012881040573120117,0,True,47,33,True,17,32,0.7674164772033691,706.3406372070312,-18158.924357618598,2025-11-24 05:23:00
G6.txt,Gset,51,SpecAnn,0.37647348308289513,1.0,-4073.9999999999995,-3668.0,0.013059377670288086,0,True,47,33,True,18,32,0.7666372656822205,703.8204956054688,-18075.763179449743,2025-11-24 05:23:00
G6.txt,Gset,51,SpecAnn,0.38678973514378384,1.0,-4073.9999999999995,-3668.0,0.012851238250732422,0,True,47,33,True,19,32,0.7658759951591492,701.3793334960938,-17995.181433350284,2025-11-24 05:23:00
G6.txt,Gset,51,SpecAnn,0.39683789506627254,1.0,-4102.0,-3658.0000000000005,0.012857675552368164,0,True,47,33,True,20,32,0.7651312947273254,699.010986328125,-17916.978563428413,2025-11-24 05:23:00
G6.txt,Gset,51,SpecAnn,0.4066378372811136,1.0,-4106.0,-3664.0,0.012904644012451172,0,True,47,33,True,21,32,0.7644018530845642,696.7100830078125,-17840.977030214726,2025-11-24 05:23:00
G6.txt,Gset,51,SpecAnn,0.41620709563472474,1.0,-4106.0,-3664.0,0.012923240661621094,0,True,47,33,True,22,32,0.7636865377426147,694.4717407226562,-17767.017094291168,2025-11-24 05:23:00
G6.txt,Gset,51,SpecAnn,0.4255612320274539,1.0,-4083.999999999999,-3664.0,0.012935876846313477,0,True,47,33,True,23,32,0.7629845142364502,692.2918090820312,-17694.965643687952,2025-11-24 05:23:00
G6.txt,Gset,51,SpecAnn,0.43471413360133104,1.0,-4083.999999999999,-3669.9999999999995,0.012905597686767578,0,True,47,33,True,24,32,0.7622949481010437,690.1663818359375,-17624.69659846082,2025-11-24 05:23:00
G6.txt,Gset,51,SpecAnn,0.4436782547080569,1.0,-4083.999999999999,-3669.9999999999995,0.013050556182861328,0,True,47,33,True,25,32,0.7616167664527893,688.0921020507812,-17556.09313981823,2025-11-24 05:23:00
G6.txt,Gset,51,SpecAnn,0.45246481570263436,1.0,-4083.999999999999,-3645.9999999999995,0.013086557388305664,0,True,47,33,True,26,32,0.7609496116638184,686.06591796875,-17489.063394112396,2025-11-24 05:23:00
G6.txt,Gset,51,SpecAnn,0.46108396762070397,1.0,-4085.9999999999995,-3645.9999999999995,0.013156890869140625,0,True,47,33,True,27,32,0.760292649269104,684.0850219726562,-17423.511258310285,2025-11-24 05:23:00
G6.txt,Gset,51,SpecAnn,0.46954492963387634,1.0,-4083.999999999999,-3637.999999999999,0.013166189193725586,0,True,47,33,True,28,32,0.7596454620361328,682.14697265625,-17359.36004937021,2025-11-24 05:23:01
G6.txt,Gset,51,SpecAnn,0.4778561045889373,1.0,-4097.999999999999,-3625.9999999999995,0.013083219528198242,0,True,47,33,True,29,32,0.759007453918457,680.2493896484375,-17296.530968432606,2025-11-24 05:23:01
G6.txt,Gset,51,SpecAnn,0.48602517675625084,1.0,-4097.999999999999,-3625.9999999999995,0.013030052185058594,0,True,47,33,True,30,32,0.7583780288696289,678.39013671875,-17234.951852093684,2025-11-24 05:23:01
G6.txt,Gset,51,SpecAnn,0.4940591950252281,1.0,-4096.0,-3618.0,0.012856721878051758,0,True,47,33,True,31,32,0.7577569484710693,676.5674438476562,-17174.568336443197,2025-11-24 05:23:01
G6.txt,Gset,51,SpecAnn,0.5019646441105269,1.0,-4087.999999999999,-3604.0,0.01295328140258789,0,True,47,33,True,32,32,0.7571436166763306,674.7794189453125,-17115.315145586726,2025-11-24 05:23:01
G6.txt,Gset,51,SpecAnn,0.5097475058154177,1.0,-4090.0,-3620.0,0.012977123260498047,0,True,47,33,True,33,32,0.7565377354621887,673.0243530273438,-17057.138718332077,2025-11-24 05:23:01
G6.txt,Gset,51,SpecAnn,0.51741331199832,1.0,-4092.0,-3617.9999999999995,0.012897729873657227,0,True,47,33,True,34,32,0.7559391260147095,671.3009643554688,-16999.999253638107,2025-11-24 05:23:01
G6.txt,Gset,51,SpecAnn,0.5249671905758515,1.0,-4092.0,-3617.9999999999995,0.013016462326049805,0,True,47,33,True,35,32,0.7553472518920898,669.6077270507812,-16943.842941862793,2025-11-24 05:23:01
G6.txt,Gset,51,SpecAnn,0.5324139056496683,1.0,-4079.9999999999995,-3611.9999999999995,0.012864828109741211,0,True,47,33,True,36,32,0.7547619342803955,667.9432983398438,-16888.62889079436,2025-11-24 05:23:01
G6.txt,Gset,51,SpecAnn,0.5397578926492556,1.0,-4102.0,-3590.0,0.012827157974243164,0,True,47,33,True,37,32,0.7541828155517578,666.3064575195312,-16834.315485105326,2025-11-24 05:23:01
G6.txt,Gset,51,SpecAnn,0.5470032892270364,1.0,-4112.0,-3603.9999999999995,0.012875080108642578,0,True,47,33,True,38,32,0.7536097168922424,664.6963500976562,-16780.874545249455,2025-11-24 05:23:01
G6.txt,Gset,51,SpecAnn,0.554153962516942,1.0,-4112.0,-3603.9999999999995,0.01288747787475586,0,True,47,33,True,39,32,0.7530422806739807,663.111572265625,-16728.260199127217,2025-11-24 05:23:01
G6.txt,Gset,51,SpecAnn,0.5612135332663137,1.0,-4112.0,-3603.9999999999995,0.012937068939208984,0,True,47,33,True,40,32,0.7524803876876831,661.5512084960938,-16676.444379787263,2025-11-24 05:23:01
G6.txt,Gset,51,SpecAnn,0.5681853972686127,1.0,-4112.0,-3603.9999999999995,0.012847185134887695,0,True,47,33,True,41,32,0.7519237995147705,660.0144653320312,-16625.39958099022,2025-11-24 05:23:01
G6.txt,Gset,51,SpecAnn,0.5750727444570146,1.0,-4112.0,-3603.9999999999995,0.01288294792175293,0,True,47,33,True,42,32,0.7513723373413086,658.5004272460938,-16575.09667286495,2025-11-24 05:23:01
G6.txt,Gset,51,SpecAnn,0.5818785759635375,1.0,-4102.0,-3601.9999999999995,0.012876272201538086,0,True,47,33,True,43,32,0.7508257627487183,657.0082397460938,-16525.506876775045,2025-11-24 05:23:01
G6.txt,Gset,51,SpecAnn,0.5886057194025436,1.0,-4102.0,-3601.9999999999995,0.012837409973144531,0,True,47,33,True,44,32,0.7502840161323547,655.537109375,-16476.607007379935,2025-11-24 05:23:01
G6.txt,Gset,51,SpecAnn,0.5952568425994088,1.0,-4134.0,-3596.0,0.0129547119140625,0,True,47,33,True,45,32,0.7497467994689941,654.08642578125,-16428.3733442378,2025-11-24 05:23:01
G6.txt,Gset,51,SpecAnn,0.6018344659534288,1.0,-4134.0,-3596.0,0.012836217880249023,0,True,47,33,True,46,32,0.7492139935493469,652.6553955078125,-16380.78160187788,2025-11-24 05:23:01
G6.txt,Gset,51,SpecAnn,0.6083409735974393,1.0,-4134.0,-3596.0,0.012889623641967773,0,True,47,33,True,47,32,0.7486854195594788,651.2433471679688,-16333.809353427294,2025-11-24 05:23:01
G6.txt,Gset,51,SpecAnn,0.6147786234942719,1.0,-4112.0,-3590.0,0.012912750244140625,0,True,47,33,True,48,32,0.7481610774993896,649.849853515625,-16287.444281738863,2025-11-24 05:23:01
G6.txt,Gset,51,SpecAnn,0.6211495565912796,1.0,-4112.0,-3590.0,0.012854576110839844,0,True,47,33,True,49,32,0.7476406693458557,648.4740600585938,-16241.65694057366,2025-11-24 05:23:01
G6.txt,Gset,51,SpecAnn,0.6274558051381586,1.0,-4142.0,-3583.9999999999995,0.012957572937011719,0,True,47,33,True,50,32,0.7471242547035217,647.1156616210938,-16196.439514253807,2025-11-24 05:23:01
G6.txt,Gset,51,SpecAnn,0.6336993002596786,1.0,-4104.0,-3585.9999999999995,0.013157129287719727,0,True,47,33,True,51,32,0.7466114163398743,645.7739868164062,-16151.764736236886,2025-11-24 05:23:01
G6.txt,Gset,51,SpecAnn,0.6398818788633085,1.0,-4081.9999999999995,-3597.9999999999995,0.01317739486694336,0,True,47,33,True,52,32,0.7461023926734924,644.4486083984375,-16107.625730819422,2025-11-24 05:23:01
G6.txt,Gset,51,SpecAnn,0.6460052899517691,1.0,-4100.0,-3601.9999999999995,0.012944936752319336,0,True,47,33,True,53,32,0.7455967664718628,643.138916015625,-16063.99692181121,2025-11-24 05:23:01
G6.txt,Gset,51,SpecAnn,0.6520712004019966,1.0,-4100.0,-3601.9999999999995,0.012936592102050781,0,True,47,33,True,54,32,0.7450946569442749,641.8446044921875,-16020.872010753948,2025-11-24 05:23:01
G6.txt,Gset,51,SpecAnn,0.6580812002646271,1.0,-4100.0,-3601.9999999999995,0.013004064559936523,0,True,47,33,True,55,32,0.7445958256721497,640.5652465820312,-15978.233990633662,2025-11-24 05:23:01
G6.txt,Gset,51,SpecAnn,0.6640368076317485,1.0,-4120.0,-3600.0,0.012912750244140625,0,True,47,33,True,56,32,0.7441002726554871,639.3003540039062,-15936.069518722377,2025-11-24 05:23:01
G6.txt,Gset,51,SpecAnn,0.6699394731151429,1.0,-4104.0,-3600.0,0.012980222702026367,0,True,47,33,True,57,32,0.7436078786849976,638.049560546875,-15894.365787174247,2025-11-24 05:23:01
G6.txt,Gset,51,SpecAnn,0.6757905839724513,1.0,-4083.999999999999,-3581.9999999999995,0.012934684753417969,0,True,47,33,True,58,32,0.7431184649467468,636.8125,-15853.108769873157,2025-11-24 05:23:01
G6.txt,Gset,51,SpecAnn,0.6815914679145113,1.0,-4083.999999999999,-3581.9999999999995,0.012853622436523438,0,True,47,33,True,59,32,0.7426320910453796,635.5887451171875,-15812.288060848074,2025-11-24 05:23:01
G6.txt,Gset,51,SpecAnn,0.6873433966234707,1.0,-4083.999999999999,-3581.9999999999995,0.012934446334838867,0,True,47,33,True,60,32,0.7421486377716064,634.378173828125,-15771.897067542508,2025-11-24 05:23:01
G6.txt,Gset,51,SpecAnn,0.6930475890080863,1.0,-4061.999999999999,-3575.9999999999995,0.012901782989501953,0,True,47,33,True,61,32,0.7416679859161377,633.1800537109375,-15731.914067795107,2025-11-24 05:23:01
G6.txt,Gset,51,SpecAnn,0.6987052142198116,1.0,-4104.0,-3580.0,0.01285243034362793,0,True,47,33,True,62,32,0.7411900758743286,631.9944458007812,-15692.338376380383,2025-11-24 05:23:01
G6.txt,Gset,51,SpecAnn,0.7043173944508145,1.0,-4106.000000000001,-3590.0,0.013007164001464844,0,True,47,33,True,63,32,0.7407148480415344,630.82080078125,-15653.154175336109,2025-11-24 05:23:01
G6.txt,Gset,51,SpecAnn,0.709885207532891,1.0,-4106.000000000001,-3590.0,0.012860298156738281,0,True,47,33,True,64,32,0.7402422428131104,629.6590576171875,-15614.357806107568,2025-11-24 05:23:01
G6.txt,Gset,51,SpecAnn,0.7154096893543218,1.0,-4106.000000000001,-3590.0,0.012954950332641602,0,True,47,33,True,65,32,0.7397722005844116,628.5087280273438,-15575.935041446468,2025-11-24 05:23:01
G6.txt,Gset,51,SpecAnn,0.7208918361100219,1.0,-4090.0,-3584.0,0.012881755828857422,0,True,47,33,True,66,32,0.7393046617507935,627.36962890625,-15537.879258257075,2025-11-24 05:23:01
G6.txt,Gset,51,SpecAnn,0.7263326063988248,1.0,-4090.0,-3584.0,0.012904167175292969,0,True,47,33,True,67,32,0.7388395071029663,626.2415771484375,-15500.18260928915,2025-11-24 05:23:01
G6.txt,Gset,51,SpecAnn,0.7317329231804058,1.0,-4073.9999999999995,-3582.0,0.01287531852722168,0,True,47,33,True,68,32,0.738376796245575,625.1240234375,-15462.831968344486,2025-11-24 05:23:01
G6.txt,Gset,51,SpecAnn,0.7370936756031579,1.0,-4073.9999999999995,-3582.0,0.013021469116210938,0,True,47,33,True,69,32,0.7379164099693298,624.0171508789062,-15425.828607151047,2025-11-24 05:23:01
G6.txt,Gset,51,SpecAnn,0.7424157207132704,1.0,-4073.9999999999995,-3582.0,0.013148069381713867,0,True,47,33,True,70,32,0.7374582290649414,622.92041015625,-15389.155714494875,2025-11-24 05:23:01
G6.txt,Gset,51,SpecAnn,0.7476998850543153,1.0,-4087.999999999999,-3588.0,0.01319742202758789,0,True,47,33,True,71,32,0.7370022535324097,621.833740234375,-15352.811073819918,2025-11-24 05:23:01
G6.txt,Gset,51,SpecAnn,0.7529469661657903,1.0,-4087.999999999999,-3588.0,0.013103008270263672,0,True,47,33,True,72,32,0.7365484833717346,620.7568969726562,-15316.787958759762,2025-11-24 05:23:01
G6.txt,Gset,51,SpecAnn,0.7581577339883167,1.0,-4112.000000000001,-3593.9999999999995,0.01312565803527832,0,True,47,33,True,73,32,0.7360968589782715,619.6895751953125,-15281.076919735438,2025-11-24 05:23:01
G6.txt,Gset,51,SpecAnn,0.7633329321824984,1.0,-4112.000000000001,-3593.9999999999995,0.01306605339050293,0,True,47,33,True,74,32,0.7356472611427307,618.6317138671875,-15245.673319741403,2025-11-24 05:23:01
G6.txt,Gset,51,SpecAnn,0.7684732793678399,1.0,-4119.999999999999,-3582.0000000000005,0.012984991073608398,0,True,47,33,True,75,32,0.7351996898651123,617.5830078125,-15210.568999625393,2025-11-24 05:23:01
G6.txt,Gset,51,SpecAnn,0.7735794702875677,1.0,-4119.999999999999,-3582.0000000000005,0.01287698745727539,0,True,47,33,True,76,32,0.7347541451454163,616.5432739257812,-15175.758826979536,2025-11-24 05:23:01
G6.txt,Gset,51,SpecAnn,0.7786521769046981,1.0,-4119.999999999999,-3582.0000000000005,0.012941598892211914,0,True,47,33,True,77,32,0.734310507774353,615.5123901367188,-15141.236727380438,2025-11-24 05:23:01
G6.txt,Gset,51,SpecAnn,0.7836920494342511,1.0,-4089.9999999999995,-3582.0,0.012944936752319336,0,True,47,33,True,78,32,0.7338687777519226,614.490234375,-15106.99910758267,2025-11-24 05:23:01
G6.txt,Gset,51,SpecAnn,0.788699717316095,1.0,-4089.9999999999995,-3582.0,0.0129852294921875,0,True,47,33,True,79,32,0.733428955078125,613.4764404296875,-15073.036386424676,2025-11-24 05:23:01
G6.txt,Gset,51,SpecAnn,0.7936757901325451,1.0,-4089.9999999999995,-3582.0,0.01314091682434082,0,True,47,33,True,80,32,0.7329909205436707,612.4710693359375,-15039.347052783658,2025-11-24 05:23:01
G6.txt,Gset,51,SpecAnn,0.7986208584745024,1.0,-4089.9999999999995,-3582.0,0.013122320175170898,0,True,47,33,True,81,32,0.7325546145439148,611.4737548828125,-15005.920347198615,2025-11-24 05:23:01
G6.txt,Gset,51,SpecAnn,0.803535494759617,1.0,-4089.9999999999995,-3582.0,0.012876749038696289,0,True,47,33,True,82,32,0.732120156288147,610.4845581054688,-14972.75967807115,2025-11-24 05:23:01
G6.txt,Gset,51,SpecAnn,0.8084202540056837,1.0,-4080.0000000000005,-3565.9999999999995,0.012895822525024414,0,True,47,33,True,83,32,0.7316874265670776,609.5030517578125,-14939.851600752714,2025-11-24 05:23:01
G6.txt,Gset,51,SpecAnn,0.8132756745622272,1.0,-4080.0000000000005,-3565.9999999999995,0.01313638687133789,0,True,47,33,True,84,32,0.731256365776062,608.5294189453125,-14907.198880753225,2025-11-24 05:23:01
G6.txt,Gset,51,SpecAnn,0.8181022788030096,1.0,-4092.0,-3548.0,0.013145923614501953,0,True,47,33,True,85,32,0.7308269143104553,607.5632934570312,-14874.790834684243,2025-11-24 05:23:01
G6.txt,Gset,51,SpecAnn,0.822900573781978,1.0,-4092.0,-3548.0,0.013087749481201172,0,True,47,33,True,86,32,0.7303991317749023,606.6046142578125,-14842.62670008262,2025-11-24 05:23:01
G6.txt,Gset,51,SpecAnn,0.8276710518549868,1.0,-4092.0,-3548.0,0.01291656494140625,0,True,47,33,True,87,32,0.7299729585647583,605.653076171875,-14810.697323880522,2025-11-24 05:23:01
G6.txt,Gset,51,SpecAnn,0.8324141912694495,1.0,-4092.0,-3548.0,0.01288294792175293,0,True,47,33,True,88,32,0.7295483350753784,604.7089233398438,-14779.007005631556,2025-11-24 05:23:01
G6.txt,Gset,51,SpecAnn,0.8371304567239225,1.0,-4092.0,-3548.0,0.01284933090209961,0,True,47,33,True,89,32,0.7291252613067627,603.7716674804688,-14747.543356514107,2025-11-24 05:23:01
G6.txt,Gset,51,SpecAnn,0.8418202998994706,1.0,-4092.0,-3548.0,0.01290273666381836,0,True,47,33,True,90,32,0.7287036180496216,602.8414916992188,-14716.30799974033,2025-11-24 05:23:01
G6.txt,Gset,51,SpecAnn,0.846484159964536,1.0,-4092.0,-3548.0,0.012911081314086914,0,True,47,33,True,91,32,0.7282835245132446,601.91796875,-14685.292481594952,2025-11-24 05:23:01
G6.txt,Gset,51,SpecAnn,0.8511224640549078,1.0,-4092.0,-3548.0,0.01288747787475586,0,True,47,33,True,92,32,0.7278648614883423,601.001220703125,-14654.496953757058,2025-11-24 05:23:01
G6.txt,Gset,51,SpecAnn,0.8557356277302758,1.0,-4098.0,-3545.9999999999995,0.012924909591674805,0,True,47,33,True,93,32,0.7274476289749146,600.0910034179688,-14623.915049786887,2025-11-24 05:23:01
G6.txt,Gset,51,SpecAnn,0.8603240554087516,1.0,-4104.0,-3546.0,0.012941122055053711,0,True,47,33,True,94,32,0.7270317673683167,599.1871948242188,-14593.542195456774,2025-11-24 05:23:01
G6.txt,Gset,51,SpecAnn,0.86488814078064,1.0,-4104.0,-3546.0,0.012967348098754883,0,True,47,33,True,95,32,0.7266173362731934,598.2899169921875,-14563.382164433104,2025-11-24 05:23:01
G6.txt,Gset,51,SpecAnn,0.8694282672026621,1.0,-4114.0,-3571.9999999999995,0.012863874435424805,0,True,47,33,True,96,32,0.7262042164802551,597.398681640625,-14533.42029116011,2025-11-24 05:23:01
G6.txt,Gset,51,SpecAnn,0.8739448080737451,1.0,-4119.999999999999,-3582.0,0.012932300567626953,0,True,47,33,True,97,32,0.7257924675941467,596.5137939453125,-14503.664818460744,2025-11-24 05:23:01
G6.txt,Gset,51,SpecAnn,0.878438127193422,1.0,-4118.0,-3587.9999999999995,0.012870311737060547,0,True,47,33,True,98,32,0.7253819704055786,595.6348876953125,-14474.104084037499,2025-11-24 05:23:01
G6.txt,Gset,51,SpecAnn,0.8829085791038153,1.0,-4102.0,-3582.0,0.01291513442993164,0,True,47,33,True,99,32,0.7249728441238403,594.7619018554688,-14444.73862341623,2025-11-24 05:23:01
G6.txt,Gset,51,SpecAnn,0.8873565094161138,1.0,-4102.0,-3582.0,0.01287531852722168,0,True,47,33,True,100,32,0.7245649099349976,593.894775390625,-14415.563033799423,2025-11-24 05:23:01
G6.txt,Gset,51,SpecAnn,0.8917822551223932,1.0,-4112.0,-3580.0,0.012862205505371094,0,True,47,33,True,101,32,0.7241582870483398,593.0335693359375,-14386.580820037925,2025-11-24 05:23:01
G6.txt,Gset,51,SpecAnn,0.8961861448935777,1.0,-4112.0,-3580.0,0.012899160385131836,0,True,47,33,True,102,32,0.7237528562545776,592.1779174804688,-14357.780382777124,2025-11-24 05:23:01
G6.txt,Gset,51,SpecAnn,0.9005684993642872,1.0,-4112.0,-3580.0,0.012932300567626953,0,True,47,33,True,103,32,0.7233486175537109,591.3279418945312,-14329.164351224725,2025-11-24 05:23:01
G6.txt,Gset,51,SpecAnn,0.9049296314052687,1.0,-4112.0,-3580.0,0.01284337043762207,0,True,47,33,True,104,32,0.7229455709457397,590.4835205078125,-14300.729436563626,2025-11-24 05:23:01
G6.txt,Gset,51,SpecAnn,0.9092698463840683,1.0,-4112.0,-3580.0,0.012871026992797852,0,True,47,33,True,105,32,0.7225436568260193,589.6444702148438,-14272.46970316518,2025-11-24 05:23:02
G6.txt,Gset,51,SpecAnn,0.9135894424145555,1.0,-4075.999999999999,-3580.0,0.012870550155639648,0,True,47,33,True,106,32,0.7221429347991943,588.810791015625,-14244.38601429286,2025-11-24 05:23:02
G6.txt,Gset,51,SpecAnn,0.9178887105958816,1.0,-4083.999999999999,-3571.9999999999995,0.012933492660522461,0,True,47,33,True,107,32,0.7217432856559753,587.982421875,-14216.474229912681,2025-11-24 05:23:02
G6.txt,Gset,51,SpecAnn,0.9221679352414079,1.0,-4083.999999999999,-3571.9999999999995,0.012896537780761719,0,True,47,33,True,108,32,0.7213448882102966,587.1591796875,-14188.733139916527,2025-11-24 05:23:02
G6.txt,Gset,51,SpecAnn,0.9264273940981199,1.0,-4118.0,-3583.9999999999995,0.01291203498840332,0,True,47,33,True,109,32,0.7209474444389343,586.3411254882812,-14161.158055672533,2025-11-24 05:23:02
G6.txt,Gset,51,SpecAnn,0.9306673585570006,1.0,-4087.999999999999,-3583.9999999999995,0.012979269027709961,0,True,47,33,True,110,32,0.7205511331558228,585.5281372070312,-14133.749252431338,2025-11-24 05:23:02
G6.txt,Gset,51,SpecAnn,0.9348880938548185,1.0,-4087.999999999999,-3583.9999999999995,0.013024091720581055,0,True,47,33,True,111,32,0.7201558947563171,584.72021484375,-14106.505268347377,2025-11-24 05:23:02
G6.txt,Gset,51,SpecAnn,0.9390898592677527,1.0,-4077.9999999999995,-3580.0,0.0129241943359375,0,True,47,33,True,112,32,0.7197616696357727,583.9171142578125,-14079.41876241803,2025-11-24 05:23:02
G6.txt,Gset,51,SpecAnn,0.9432729082972536,1.0,-4090.0,-3560.0000000000005,0.012975692749023438,0,True,47,33,True,113,32,0.7193685173988342,583.1188354492188,-14052.490626168716,2025-11-24 05:23:02
G6.txt,Gset,51,SpecAnn,0.9474374888485205,1.0,-4090.0,-3560.0000000000005,0.012880802154541016,0,True,47,33,True,114,32,0.7189763784408569,582.325439453125,-14025.720890321609,2025-11-24 05:23:02
G6.txt,Gset,51,SpecAnn,0.9515838434019475,1.0,-4090.0,-3560.0000000000005,0.012851476669311523,0,True,47,33,True,115,32,0.718585193157196,581.53662109375,-13999.100774087288,2025-11-24 05:23:02
G6.txt,Gset,51,SpecAnn,0.9557122091778746,1.0,-4081.9999999999995,-3553.9999999999995,0.012882471084594727,0,True,47,33,True,116,32,0.7181950211524963,580.7525634765625,-13972.635586948945,2025-11-24 05:23:02
G6.txt,Gset,51,SpecAnn,0.9598228182949627,1.0,-4081.9999999999995,-3553.9999999999995,0.012923479080200195,0,True,47,33,True,117,32,0.717805802822113,579.9730224609375,-13946.318033591811,2025-11-24 05:23:02
G6.txt,Gset,51,SpecAnn,0.9639158979224881,1.0,-4081.9999999999995,-3553.9999999999995,0.012918949127197266,0,True,47,33,True,118,32,0.7174175381660461,579.1980590820312,-13920.14932951563,2025-11-24 05:23:02
G6.txt,Gset,51,SpecAnn,0.9679916704268421,1.0,-4099.999999999999,-3556.0,0.012900590896606445,0,True,47,33,True,119,32,0.7170302271842957,578.4275512695312,-13894.126289631002,2025-11-24 05:23:02
G6.txt,Gset,51,SpecAnn,0.9720503535125017,1.0,-4095.9999999999995,-3552.0,0.012905120849609375,0,True,47,33,True,120,32,0.7166438698768616,577.6614990234375,-13868.248666657342,2025-11-24 05:23:02
G6.txt,Gset,51,SpecAnn,0.9760921603577252,1.0,-4095.9999999999995,-3552.0,0.012926816940307617,0,True,47,33,True,121,32,0.7162584066390991,576.8997802734375,-13842.512133204807,2025-11-24 05:23:02
G6.txt,Gset,51,SpecAnn,0.9801172997452103,1.0,-4095.9999999999995,-3552.0,0.012889623641967773,0,True,47,33,True,122,32,0.7158738374710083,576.1423950195312,-13816.916452954374,2025-11-24 05:23:02
G6.txt,Gset,51,SpecAnn,0.9841259761879442,1.0,-4095.9999999999995,-3552.0,0.012927055358886719,0,True,47,33,True,123,32,0.7154901623725891,575.3892211914062,-13791.458464472174,2025-11-24 05:23:02
G6.txt,Gset,51,SpecAnn,0.9881183900504562,1.0,-4095.9999999999995,-3552.0,0.012856006622314453,0,True,47,33,True,124,32,0.7151073813438416,574.6402587890625,-13766.137937692696,2025-11-24 05:23:02
G6.txt,Gset,51,SpecAnn,0.9920947376656813,1.0,-4095.9999999999995,-3552.0,0.012928009033203125,0,True,47,33,True,125,32,0.7147254943847656,573.8953857421875,-13740.951720540645,2025-11-24 05:23:02
G6.txt,Gset,51,SpecAnn,0.9960552114476228,1.0,-4085.9999999999995,-3547.999999999999,0.01290583610534668,0,True,47,33,True,126,32,0.7143443822860718,573.1546630859375,-13715.898760842938,2025-11-24 05:23:02
G6.txt,Gset,51,SpecAnn,1.0,1.0,-4085.9999999999995,-3547.999999999999,0.012948989868164062,0,True,47,33,True,127,32,0.7139641642570496,572.4179077148438,-13690.97674842781,2025-11-24 05:23:02
